2	1.6425493767442844e-8
3	4.223459184972199e-9
4	1.5928141257064103e-9
5	7.417999551665949e-10
6	3.950105252722166e-10
7	2.3082682870257428e-10
8	1.4440722276847827e-10
9	9.519458409383835e-11
10	6.540307793293273e-11
11	4.647071116187768e-11
12	3.394936318770946e-11
13	2.538958308507601e-11
14	1.937175071741484e-11
15	1.503775246405786e-11
16	1.185087751604621e-11
17	9.464328489844994e-12
18	7.648058706199151e-12
19	6.2458266365073884e-12
20	5.149311507955025e-12
21	4.281869212292663e-12
22	3.588413428731652e-12
23	3.0287279492863836e-12
24	2.573080075944622e-12
25	2.1991504116722473e-12
26	1.8900035213305257e-12
27	1.6326799094526903e-12
28	1.417136505038759e-12
29	1.2355288274132562e-12
30	1.0816770384772402e-12
31	9.506706885699256e-13
32	8.385828878234966e-13
33	7.422489681399262e-13
34	6.591103247534309e-13
35	5.870690943731301e-13
36	5.24410009461091e-13
37	4.697198248969748e-13
38	4.2182461400524905e-13
39	3.7974337467940454e-13
40	3.4266005328942487e-13
41	3.098869176382832e-13
42	2.808438472853553e-13
43	2.550393854245649e-13
44	2.3205422476190564e-13
45	2.1153209545142005e-13
46	1.9316699705062248e-13
47	1.766967309049514e-13
48	1.6189496506924001e-13
49	1.4856568688670515e-13
50	1.3653901881223762e-13
51	1.2566824166873028e-13
52	1.1582413109556985e-13
53	1.0689471938941542e-13
54	9.878182717568694e-14
55	9.139894849985588e-14
56	8.467011786655037e-14
57	7.852833864728547e-14
58	7.291403265624586e-14
59	6.777515040342495e-14
60	6.30650872965529e-14
61	5.874243165395362e-14
62	5.477033363064386e-14
63	5.1116048610448847e-14
64	4.7749973570248764e-14
65	4.4646138571416066e-14
66	4.178082348251212e-14
67	3.9132718402335725e-14
68	3.668287956701979e-14
69	3.441422990093667e-14
70	3.231135031748926e-14
71	3.0360058943483075e-14
72	2.8547927253391636e-14
73	2.6863404605555904e-14
74	2.529622653050528e-14
75	2.3836861994647518e-14
76	2.247680850148672e-14
77	2.1208253963382684e-14
78	2.0024118205349284e-14
79	1.8917847663011236e-14
80	1.7883659295732356e-14
81	1.6916056726462076e-14
82	1.6010175893383334e-14
83	1.516136782182146e-14
84	1.4365610374166214e-14
85	1.3618998831257642e-14
86	1.2918066712640025e-14
87	1.2259606017913082e-14
88	1.1640660660081489e-14
89	1.1058483063380263e-14
90	1.051053306749625e-14
91	9.994567284622513e-15
92	9.508347033079967e-15
93	9.049986085945904e-15
94	8.61759496348554e-15
95	8.209489192510918e-15
96	7.824091646277818e-15
97	7.459996496800954e-15
98	7.115798722995218e-15
99	6.7902592517255356e-15
100	6.482232379985963e-15
101	6.1906289421606935e-15
102	5.914422650106006e-15
103	5.652699453792087e-15
104	5.404599504864127e-15
105	5.169269636763914e-15
106	4.945987491737168e-15
107	4.734019144105642e-15
108	4.5327347445923645e-15
109	4.341497343815689e-15
110	4.1597292319746194e-15
111	3.986894703558366e-15
112	3.822504897056559e-15
113	3.666060965485163e-15
114	3.517137824979334e-15
115	3.3753195197679596e-15
116	3.240209459261268e-15
117	3.1114538609625087e-15
118	2.9886975598161203e-15
119	2.8716332393569927e-15
120	2.7599420426546874e-15
121	2.653362465480981e-15
122	2.551596718524232e-15
123	2.454429887689264e-15
124	2.3615924732230424e-15
125	2.2728813871482912e-15
126	2.188081939481432e-15
127	2.106998053754631e-15
128	2.02943225607516e-15
129	1.9552283660248837e-15
130	1.8841981490103137e-15
131	1.8162061319245748e-15
132	1.751087366845796e-15
133	1.6887090279812877e-15
134	1.6289416554815523e-15
135	1.571656586881289e-15
136	1.5167316708279387e-15
137	1.4640639705675588e-15
138	1.4135408390260628e-15
139	1.3650682609044563e-15
140	1.3185398683475582e-15
141	1.2738757919187287e-15
142	1.2309891899266952e-15
143	1.1897990860504893e-15
144	1.1502190222738038e-15
145	1.1121926151424773e-15
146	1.0756391009223271e-15
147	1.040496757362053e-15
148	1.0066999083435049e-15
149	9.741914746557578e-16
150	9.429203682670145e-16
151	9.128260765957327e-16
152	8.838552224219941e-16
153	8.559677728129084e-16
154	8.291145696537215e-16
155	8.032475543552863e-16
156	7.783304836253806e-16
157	7.543197854305601e-16
158	7.311796021261192e-16
159	7.088726827061299e-16
160	6.873663209510399e-16
161	6.666250534409003e-16
162	6.466189677452681e-16
163	6.273180627092522e-16
164	6.086966680071921e-16
165	5.907209251940497e-16
166	5.733680865587561e-16
167	5.566187112469704e-16
168	5.404432271515982e-16
169	5.248161354800744e-16
170	5.0972215350220275e-16
171	4.95140842248953e-16
172	4.810461199056375e-16
173	4.6742378082970765e-16
174	4.542571911796496e-16
175	4.4152230574799476e-16
176	4.2921103663056113e-16
177	4.173016485918125e-16
178	4.0577894076936594e-16
179	3.9463287774326334e-16
180	3.8384563434738436e-16
181	3.734055072596381e-16
182	3.6329906258112017e-16
183	3.5351294365377224e-16
184	3.440380353635527e-16
185	3.3486247190216894e-16
186	3.2597257477605174e-16
187	3.1736116055320624e-16
188	3.090187010471337e-16
189	3.009321155271273e-16
190	2.9309467036343004e-16
191	2.8549844403819287e-16
192	2.781321427097516e-16
193	2.7099088341605933e-16
194	2.6406484829360803e-16
195	2.573466153961866e-16
196	2.5082929042333033e-16
197	2.445063389687317e-16
198	2.3837176325428557e-16
199	2.3241752094040137e-16
200	2.266373782504125e-16
201	2.210273344016635e-16
202	2.155810184766076e-16
203	2.1029203712423842e-16
204	2.051552043698154e-16
205	2.0016661740376225e-16
206	1.9532123749349043e-16
207	1.9061306803631753e-16
208	1.8603831208735428e-16
209	1.8159323225303602e-16
210	1.772731872253547e-16
211	1.7307388459474698e-16
212	1.689913902188994e-16
213	1.6502255783375416e-16
214	1.6116310955593104e-16
215	1.574098847067248e-16
216	1.537599785170208e-16
217	1.502092508513478e-16
218	1.4675496588502715e-16
219	1.4339458848770835e-16
220	1.4012415482395863e-16
221	1.369417119229492e-16
222	1.3384443119393365e-16
223	1.308296126911304e-16
224	1.2789448388415886e-16
225	1.2503732568995847e-16
226	1.2225493140770416e-16
227	1.1954489040959226e-16
228	1.169062098910287e-16
229	1.1433611143268772e-16
230	1.1183197682569375e-16
231	1.0939277597562599e-16
232	1.0701642565336182e-16
233	1.0470011542463193e-16
234	1.0244265723419996e-16
235	1.0024348162208246e-16
236	9.809927105710867e-17
237	9.600881098137639e-17
238	9.397111955389395e-17
239	9.198427891949188e-17
240	9.004655698703411e-17
241	8.815707243876533e-17
242	8.631416460584986e-17
243	8.451652347266988e-17
244	8.276311752655753e-17
245	8.105253412593225e-17
246	7.938308894978196e-17
247	7.775444130362574e-17
248	7.616498117435776e-17
249	7.461364962722223e-17
250	7.309988828394745e-17
251	7.16218013457516e-17
252	7.017870141645451e-17
253	6.877025488655464e-17
254	6.739501136141418e-17
255	6.605188365426319e-17
256	6.474012583402377e-17
257	6.345912130946129e-17
258	6.220803154869533e-17
259	6.098582773330166e-17
260	5.979182093796843e-17
261	5.862520278321973e-17
262	5.748559338381527e-17
263	5.637191942601251e-17
264	5.528348323507051e-17
265	5.4219726267616364e-17
266	5.318004365233277e-17
267	5.216381806924275e-17
268	5.117037914796235e-17
269	5.0199285207840086e-17
270	4.924968613941731e-17
271	4.832129155743819e-17
272	4.7413283429845304e-17
273	4.652541368560211e-17
274	4.56571984632638e-17
275	4.480783097865129e-17
276	4.397686905481097e-17
277	4.316420802419514e-17
278	4.236923061455372e-17
279	4.159137554752368e-17
280	4.083023134369059e-17
281	4.0085386229186035e-17
282	3.9356544304776366e-17
283	3.8643295975299813e-17
284	3.794517624950586e-17
285	3.726182359310849e-17
286	3.6592854136064075e-17
287	3.593800325688765e-17
288	3.529701916129826e-17
289	3.466938482147596e-17
290	3.4054800534351166e-17
291	3.3452911004593446e-17
292	3.286348377072443e-17
293	3.22863804874192e-17
294	3.1721104943019066e-17
295	3.116731953547459e-17
296	3.062497403150315e-17
297	3.0093762218384773e-17
298	2.957319559670455e-17
299	2.906324879218195e-17
300	2.856351111548382e-17
301	2.80738208776975e-17
302	2.759407226483913e-17
303	2.712392311040537e-17
304	2.6663136880370257e-17
305	2.6211454769181575e-17
306	2.5768753521100003e-17
307	2.5334863681804117e-17
308	2.4909505901678082e-17
309	2.4492391728458147e-17
310	2.408350827256767e-17
311	2.3682669971008925e-17
312	2.3289613736075108e-17
313	2.2904170157774798e-17
314	2.2526162773233336e-17
315	2.2155478657465408e-17
316	2.1791930150743254e-17
317	2.143532838652103e-17
318	2.108555170760185e-17
319	2.07425040907621e-17
320	2.0405910774203064e-17
321	2.0075703341018257e-17
322	1.9751750171171982e-17
323	1.9433920097341888e-17
324	1.9122076927413668e-17
325	1.8816078504320134e-17
326	1.851574527439336e-17
327	1.822100402531864e-17
328	1.7931792024750708e-17
329	1.7647982097992983e-17
330	1.7369351577914396e-17
331	1.709579202440641e-17
332	1.6827320268869708e-17
333	1.6563799200446693e-17
334	1.630513037958115e-17
335	1.60510670064929e-17
336	1.580161934629261e-17
337	1.5556803706331892e-17
338	1.5316384441823852e-17
339	1.508025262515355e-17
340	1.4848319691729386e-17
341	1.4620581984803643e-17
342	1.4396952991018844e-17
343	1.4177312648027527e-17
344	1.396159151291683e-17
345	1.3749631136248788e-17
346	1.3541416681463082e-17
347	1.3336946799405027e-17
348	1.313605688392814e-17
349	1.2938621077853797e-17
350	1.2744672047020126e-17
351	1.2554126879724594e-17
352	1.2366932437933569e-17
353	1.2182972583605603e-17
354	1.2002162916141508e-17
355	1.1824485553634617e-17
356	1.1649879017906854e-17
357	1.147828341788933e-17
358	1.1309575384804834e-17
359	1.1143777292956655e-17
360	1.0980827000153575e-17
361	1.0820667191980122e-17
362	1.066321521750537e-17
363	1.050840890248256e-17
364	1.0356193881976702e-17
365	1.0206580958829577e-17
366	1.0059490596597072e-17
367	9.91483587191982e-18
368	9.772562002874911e-18
369	9.632711261562434e-18
370	9.495180588294563e-18
371	9.35993228422833e-18
372	9.226924097121672e-18
373	9.096113093979605e-18
374	8.967452719068613e-18
375	8.840922757411682e-18
376	8.716444045070527e-18
377	8.593966496246477e-18
378	8.47351374866793e-18
379	8.355038827924689e-18
380	8.238503622010434e-18
381	8.123845117934387e-18
382	8.01101983013366e-18
383	7.900001927363594e-18
384	7.790784132032496e-18
385	7.683333370539164e-18
386	7.577594976509808e-18
387	7.473518861631182e-18
388	7.371130220044731e-18
389	7.27037602185144e-18
390	7.171208235432733e-18
391	7.073596191169498e-18
392	6.977523928761602e-18
393	6.882969044165112e-18
394	6.789909141067098e-18
395	6.698318473914329e-18
396	6.608161772617936e-18
397	6.519384858375214e-18
398	6.431994418630553e-18
399	6.3459713460937266e-18
400	6.261286637377358e-18
401	6.1779031666874966e-18
402	6.09579623046131e-18
403	6.014974669175259e-18
404	5.93540473061827e-18
405	5.85703894690969e-18
406	5.779859980660746e-18
407	5.703846966716688e-18
408	5.6290100745915876e-18
409	5.555331211802075e-18
410	5.482770081171013e-18
411	5.4112965766354866e-18
412	5.340891284998334e-18
413	5.2715421042561395e-18
414	5.203224942183361e-18
415	5.135938547282214e-18
416	5.069694257929357e-18
417	5.004425499058981e-18
418	4.94011894333431e-18
419	4.876786645163107e-18
420	4.814388335938051e-18
421	4.752898297105798e-18
422	4.692300055907377e-18
423	4.632610973783748e-18
424	4.5738186980022496e-18
425	4.5159038365132215e-18
426	4.458828689775864e-18
427	4.402572540461479e-18
428	4.3471292689721315e-18
429	4.292496959140325e-18
430	4.238667204639271e-18
431	4.185623950466214e-18
432	4.1333506971776046e-18
433	4.081818232713525e-18
434	4.031046153721428e-18
435	3.981002820395501e-18
436	3.931664558938704e-18
437	3.883026274447567e-18
438	3.835089944341695e-18
439	3.787850048646141e-18
440	3.741297204660386e-18
441	3.69540457126574e-18
442	3.650156685227491e-18
443	3.605523157447684e-18
444	3.5615195966847674e-18
445	3.5181490284437594e-18
446	3.475396367210076e-18
447	3.4332523264277776e-18
448	3.391693961993353e-18
449	3.3507211910090472e-18
450	3.31032205460469e-18
451	3.2704872659035245e-18
452	3.2311945704409422e-18
453	3.192436672200037e-18
454	3.154214376404796e-18
455	3.116538912172699e-18
456	3.0793962684477463e-18
457	3.042768228332253e-18
458	3.0066355393051077e-18
459	2.9709849235381055e-18
460	2.9358162412968778e-18
461	2.9011330625473232e-18
462	2.8669439156243726e-18
463	2.833221335475286e-18
464	2.7999433654277856e-18
465	2.7671150472672968e-18
466	2.7347446762141532e-18
467	2.7028088488633878e-18
468	2.6712938906769452e-18
469	2.6402057702757085e-18
470	2.6095400974574235e-18
471	2.579295109176915e-18
472	2.549457076420077e-18
473	2.520009816295095e-18
474	2.4909544985399983e-18
475	2.4622838524081014e-18
476	2.43399066877505e-18
477	2.40607365381439e-18
478	2.3785371948496602e-18
479	2.351373830475816e-18
480	2.3245668938740023e-18
481	2.2981034198022618e-18
482	2.271982632652427e-18
483	2.2462048211460404e-18
484	2.2207766477437264e-18
485	2.195684327744494e-18
486	2.170912062986517e-18
487	2.1464642394187616e-18
488	2.1223377470563886e-18
489	2.0985286645680675e-18
490	2.075026791319685e-18
491	2.051822826145976e-18
492	2.0289156133017924e-18
493	2.0063033536357804e-18
494	1.9839897546628378e-18
495	1.961968130506167e-18
496	1.9402304744668166e-18
497	1.918768047505944e-18
498	1.8975765895657096e-18
499	1.8766519269024357e-18
500	1.8560023578362928e-18
501	1.8356162689222877e-18
502	1.8154868809492116e-18
503	1.795613469311033e-18
504	1.7759890543668834e-18
505	1.756617474117625e-18
506	1.7374936751036087e-18
507	1.7186043203809513e-18
508	1.6999492298082268e-18
509	1.6815333685600833e-18
510	1.6633488200172231e-18
511	1.6453910717371363e-18
512	1.6276591659858245e-18
513	1.6101480539748135e-18
514	1.5928569734852728e-18
515	1.575778927039472e-18
516	1.5589120192475374e-18
517	1.542254873548904e-18
518	1.5258040655649153e-18
519	1.5095596871621847e-18
520	1.4935142730439363e-18
521	1.4776632974992469e-18
522	1.4620058604932466e-18
523	1.446546598381994e-18
524	1.4312799456252946e-18
525	1.4161965147800679e-18
526	1.4012915181256069e-18
527	1.3865657174393048e-18
528	1.3720211142708496e-18
529	1.3576589598393058e-18
530	1.3434753740702459e-18
531	1.3294601623897348e-18
532	1.315611767068173e-18
533	1.301931549607077e-18
534	1.2884151592627665e-18
535	1.2750614015898093e-18
536	1.2618680934904766e-18
537	1.2488352842886697e-18
538	1.2359572848330699e-18
539	1.223231565243521e-18
540	1.2106612732952962e-18
541	1.1982416645391228e-18
542	1.185966346998298e-18
543	1.1738354422630678e-18
544	1.1618488974146183e-18
545	1.1500062195575683e-18
546	1.1383059541754846e-18
547	1.126744857739659e-18
548	1.115320195421324e-18
549	1.1040280693943078e-18
550	1.0928650478592687e-18
551	1.0818329872956422e-18
552	1.070929899277429e-18
553	1.0601560385626866e-18
554	1.0495112986017762e-18
555	1.0389907735649107e-18
556	1.0285905151768575e-18
557	1.0183094829438467e-18
558	1.0081486266422659e-18
559	9.981070605522387e-19
560	9.88181830204648e-19
561	9.783705242021812e-19
562	9.686722477003385e-19
563	9.590844021612724e-19
564	9.496070767408403e-19
565	9.402406969963206e-19
566	9.309824448138595e-19
567	9.218285525492458e-19
568	9.127785153827693e-19
569	9.038316317626845e-19
570	8.949872100721546e-19
571	8.862425639956888e-19
572	8.775970306082696e-19
573	8.690494462730356e-19
574	8.605990010735859e-19
575	8.52246005435522e-19
576	8.439878347259025e-19
577	8.358229780886924e-19
578	8.277475070057654e-19
579	8.197621421325748e-19
580	8.118678862273088e-19
581	8.0406134768517135e-19
582	7.963419247086227e-19
583	7.887101809957338e-19
584	7.811624540392811e-19
585	7.736982193139469e-19
586	7.66317966188352e-19
587	7.590192346882749e-19
588	7.5179984620842805e-19
589	7.446618461577257e-19
590	7.376049813649231e-19
591	7.306264629343848e-19
592	7.237240574024144e-19
593	7.168948855823633e-19
594	7.101399431801632e-19
595	7.034575451194311e-19
596	6.968495665440577e-19
597	6.903171417472876e-19
598	6.838565547236671e-19
599	6.774648287589236e-19
600	6.711427166131013e-19
601	6.648898062389478e-19
602	6.587052730909072e-19
603	6.5258761856897765e-19
604	6.465351456575536e-19
605	6.405467773121081e-19
606	6.346219706307388e-19
607	6.287608165852492e-19
608	6.229660892321214e-19
609	6.172349097427038e-19
610	6.115634384876642e-19
611	6.059509766012249e-19
612	6.00399518849236e-19
613	5.9490867478374325e-19
614	5.894755173811039e-19
615	5.84099723405972e-19
616	5.787811668747374e-19
617	5.735191238166104e-19
618	5.683129887866459e-19
619	5.631626045346561e-19
620	5.580662556875754e-19
621	5.5302264486633715e-19
622	5.480317029119061e-19
623	5.430944066212283e-19
624	5.382096028887072e-19
625	5.3337459185822885e-19
626	5.285898880429961e-19
627	5.2385643358718505e-19
628	5.191736155392028e-19
629	5.145397443685341e-19
630	5.099544644544151e-19
631	5.054154637485607e-19
632	5.009218475687228e-19
633	4.964749877687876e-19
634	4.92075757703724e-19
635	4.877225129363205e-19
636	4.834136950775088e-19
637	4.791484583917693e-19
638	4.749275831498806e-19
639	4.707508171513948e-19
640	4.666164960725402e-19
641	4.625243341677659e-19
642	4.584739515050441e-19
643	4.54464033850285e-19
644	4.504949128490902e-19
645	4.465674257906202e-19
646	4.426809913390728e-19
647	4.388341277464708e-19
648	4.350259866181536e-19
649	4.3125590354500445e-19
650	4.2752375538541656e-19
651	4.238287893655727e-19
652	4.2017042914742987e-19
653	4.165494466814e-19
654	4.129652565134957e-19
655	4.094168717780197e-19
656	4.0590506936986696e-19
657	4.024285606644632e-19
658	3.9898626863208726e-19
659	3.9557808438059993e-19
660	3.9220386422020895e-19
661	3.8886280399945363e-19
662	3.8555531320662803e-19
663	3.8228099092618513e-19
664	3.7903910606116406e-19
665	3.758287910615283e-19
666	3.7265050063551147e-19
667	3.695038701176261e-19
668	3.663893584127691e-19
669	3.633054932569515e-19
670	3.6025080554157116e-19
671	3.5722522968270906e-19
672	3.542288448224986e-19
673	3.5126194366987465e-19
674	3.4832532724568663e-19
675	3.4541833375194863e-19
676	3.425394123824883e-19
677	3.3968793711016783e-19
678	3.3686341255217897e-19
679	3.340663298236716e-19
680	3.3129702758844773e-19
681	3.285544020610808e-19
682	3.2583766462571293e-19
683	3.231475643327241e-19
684	3.204839228263932e-19
685	3.178459977388755e-19
686	3.152336531897379e-19
687	3.1264634856138234e-19
688	3.1008311239316914e-19
689	3.0754417059592597e-19
690	3.050294333165717e-19
691	3.0253831109707733e-19
692	3.000708493874389e-19
693	2.9762800395631984e-19
694	2.9520922167565173e-19
695	2.9281326096666253e-19
696	2.904390578567564e-19
697	2.8808740775376713e-19
698	2.85758140922335e-19
699	2.8345054683712454e-19
700	2.8116397572423463e-19
701	2.788995104269137e-19
702	2.7665667012936327e-19
703	2.7443501786878406e-19
704	2.722342059803261e-19
705	2.7005393693790946e-19
706	2.6789365209599387e-19
707	2.657532827103046e-19
708	2.636335639111398e-19
709	2.615339611117979e-19
710	2.5945370949510847e-19
711	2.573919148376261e-19
712	2.5534925014149136e-19
713	2.533260883607269e-19
714	2.5132169082126356e-19
715	2.4933599927800463e-19
716	2.4736891023951024e-19
717	2.454198443121345e-19
718	2.4348798846215124e-19
719	2.4157292946058952e-19
720	2.3967513080653826e-19
721	2.377955748415108e-19
722	2.359341719711349e-19
723	2.3408986460024317e-19
724	2.3226220472081953e-19
725	2.3045127322178673e-19
726	2.286568460099104e-19
727	2.2687852911429406e-19
728	2.251160783004724e-19
729	2.233693044815011e-19
730	2.216382631429249e-19
731	2.199230431916948e-19
732	2.182234581026398e-19
733	2.1653933147612682e-19
734	2.14870470124013e-19
735	2.1321654107016365e-19
736	2.1157731914221065e-19
737	2.0995262562720495e-19
738	2.0834249783324042e-19
739	2.0674688063510554e-19
740	2.0516538303663162e-19
741	2.035979937082767e-19
742	2.020442799803422e-19
743	2.0050481274317477e-19
744	1.9897946825823068e-19
745	1.9746786184530582e-19
746	1.9596966478561409e-19
747	1.9448438522410796e-19
748	1.9301144150413566e-19
749	1.9155123993809631e-19
750	1.9010429502541142e-19
751	1.886702501514635e-19
752	1.8724864138339888e-19
753	1.858394514353083e-19
754	1.8444289707139708e-19
755	1.830589565324671e-19
756	1.816875303298829e-19
757	1.8032814581476317e-19
758	1.7898021454107595e-19
759	1.776435895839313e-19
760	1.7631815598367124e-19
761	1.7500424626085827e-19
762	1.7370156625080497e-19
763	1.7241025112913148e-19
764	1.7113058412446107e-19
765	1.6986268000236987e-19
766	1.6860566024529816e-19
767	1.673591101481261e-19
768	1.6612312375197039e-19
769	1.648977213202886e-19
770	1.6368261834232033e-19
771	1.6247775406127192e-19
772	1.6128315211741122e-19
773	1.6009885997761286e-19
774	1.5892506910128064e-19
775	1.5776164969662992e-19
776	1.5660822513570313e-19
777	1.5546455246036527e-19
778	1.5433035131543893e-19
779	1.5320574407840306e-19
780	1.5209061517318767e-19
781	1.509846906725132e-19
782	1.498876388515562e-19
783	1.4879992403173786e-19
784	1.4772157671173963e-19
785	1.4665259251991333e-19
786	1.4559278975982749e-19
787	1.4454216385401632e-19
788	1.4350048244155838e-19
789	1.424672674028148e-19
790	1.4144252754130567e-19
791	1.4042613884833527e-19
792	1.394180777208936e-19
793	1.38418438112326e-19
794	1.3742739122603273e-19
795	1.3644485938770135e-19
796	1.354705753846008e-19
797	1.3450425237850599e-19
798	1.335454835348204e-19
799	1.3259445493229715e-19
800	1.316515108398696e-19
801	1.3071670239756e-19
802	1.297894364378229e-19
803	1.288695947960456e-19
804	1.2795732775526086e-19
805	1.2705271723086715e-19
806	1.2615591288589804e-19
807	1.2526653713626474e-19
808	1.2438436141290798e-19
809	1.2350928382305993e-19
810	1.2264135706616777e-19
811	1.2178038384918288e-19
812	1.2092620847716356e-19
813	1.2007857520228462e-19
814	1.1923770087563556e-19
815	1.1840392621569254e-19
816	1.1757729445540514e-19
817	1.1675757340814691e-19
818	1.1594465215221422e-19
819	1.151383336721007e-19
820	1.1433837974271952e-19
821	1.135445898839497e-19
822	1.1275710173543575e-19
823	1.1197584664170074e-19
824	1.112009802095831e-19
825	1.1043251326256164e-19
826	1.0967036065222523e-19
827	1.0891428253886026e-19
828	1.0816408266589685e-19
829	1.0741942021751632e-19
830	1.0668071991886597e-19
831	1.0594813140575205e-19
832	1.0522164426560599e-19
833	1.0450089681251932e-19
834	1.0378577738696794e-19
835	1.0307620749599911e-19
836	1.0237215267548312e-19
837	1.0167385745989968e-19
838	1.0098131888617881e-19
839	1.0029438877756145e-19
840	9.961280426091228e-20
841	9.893639974169784e-20
842	9.82652014658597e-20
843	9.759917776436871e-20
844	9.693821614876251e-20
845	9.6282332160642e-20
846	9.563171511294926e-20
847	9.498636487516594e-20
848	9.434622318978086e-20
849	9.371121735712997e-20
850	9.308115641783736e-20
851	9.245584001859195e-20
852	9.183528370633605e-20
853	9.121959800530635e-20
854	9.060863631242872e-20
855	9.000231999575445e-20
856	8.940061053256883e-20
857	8.880366623500761e-20
858	8.821142093825088e-20
859	8.762375784007742e-20
860	8.704053774500024e-20
861	8.646181656892369e-20
862	8.58877204246943e-20
863	8.531808829265894e-20
864	8.475277718861699e-20
865	8.419165546028802e-20
866	8.363462300188818e-20
867	8.308181491234966e-20
868	8.253338678576183e-20
869	8.198937188843148e-20
870	8.144957405568386e-20
871	8.09138121969752e-20
872	8.038205113835235e-20
873	7.985436510072192e-20
874	7.933062170410508e-20
875	7.881068625519268e-20
876	7.829459568041598e-20
877	7.778242025279912e-20
878	7.727420173290382e-20
879	7.676986643379573e-20
880	7.626943078289752e-20
881	7.577280158179359e-20
882	7.52798559432827e-20
883	7.479070378596292e-20
884	7.430533454088645e-20
885	7.382361416356422e-20
886	7.334540502337905e-20
887	7.287057482526383e-20
888	7.239928718819287e-20
889	7.193150639342038e-20
890	7.146720753929715e-20
891	7.100636389277248e-20
892	7.054901847851914e-20
893	7.009516616818514e-20
894	6.964468929985416e-20
895	6.91975313214686e-20
896	6.875370641903163e-20
897	6.831315136751447e-20
898	6.787572298758001e-20
899	6.744144586317951e-20
900	6.701040894230429e-20
901	6.658267549478367e-20
902	6.615819151481972e-20
903	6.573689671129975e-20
904	6.531871524795963e-20
905	6.490365999633301e-20
906	6.44915554667878e-20
907	6.408237513662424e-20
908	6.367607121916691e-20
909	6.32726734002587e-20
910	6.28721631866847e-20
911	6.247464873597535e-20
912	6.208017346097723e-20
913	6.168864979256767e-20
914	6.129996734875734e-20
915	6.091412240916053e-20
916	6.053116553942771e-20
917	6.015094149440323e-20
918	5.977337735042709e-20
919	5.939847917469168e-20
920	5.902628032009382e-20
921	5.86567794494754e-20
922	5.828991644877444e-20
923	5.792571553364654e-20
924	5.756420666905621e-20
925	5.7205379366525e-20
926	5.684917691790297e-20
927	5.649549049325336e-20
928	5.61442509929849e-20
929	5.57954244233266e-20
930	5.544911553244143e-20
931	5.510537304642846e-20
932	5.476416813907303e-20
933	5.442533298080659e-20
934	5.408889178702771e-20
935	5.3754895314289953e-20
936	5.3423307791095885e-20
937	5.3094130514356943e-20
938	5.2767285958206e-20
939	5.244273063060627e-20
940	5.2120418678168565e-20
941	5.1800348906223754e-20
942	5.148254493275932e-20
943	5.1166925603468154e-20
944	5.085350070955635e-20
945	5.0542299766641086e-20
946	5.0233366010145955e-20
947	4.9926729725333205e-20
948	4.962235160890363e-20
949	4.932006418050369e-20
950	4.901986255265687e-20
951	4.8721744058204186e-20
952	4.842569263984162e-20
953	4.813168377624707e-20
954	4.78396294398827e-20
955	4.754957257609041e-20
956	4.7261580608833165e-20
957	4.6975691480874453e-20
958	4.669191528289508e-20
959	4.641013192575207e-20
960	4.6130281780880025e-20
961	4.5852288012921054e-20
962	4.5576222027304494e-20
963	4.5302086814485325e-20
964	4.502990766680747e-20
965	4.475951331393559e-20
966	4.449092329339307e-20
967	4.422424276837136e-20
968	4.395947681295775e-20
969	4.369660381476226e-20
970	4.343553616772751e-20
971	4.317625231673479e-20
972	4.2918768634034935e-20
973	4.2663009264386117e-20
974	4.240896609081524e-20
975	4.2156613967835016e-20
976	4.190595966862164e-20
977	4.165701884970518e-20
978	4.140982811197964e-20
979	4.1164379319470425e-20
980	4.0920686986393096e-20
981	4.0678662817890825e-20
982	4.0438321174562707e-20
983	4.0199663168738836e-20
984	3.996258621917007e-20
985	3.97270839464137e-20
986	3.949311542484723e-20
987	3.926070249020036e-20
988	3.9029842308462925e-20
989	3.880051262376565e-20
990	3.857273283844068e-20
991	3.83465162700401e-20
992	3.812185293105136e-20
993	3.7898747319365e-20
994	3.767719492612904e-20
995	3.7457164996399556e-20
996	3.7238658453578623e-20
997	3.702164688191467e-20
998	3.680605281205054e-20
999	3.659183177568204e-20
1000	3.6378997160996516e-20
1001	3.616758276935743e-20
1002	3.5957625660800646e-20
1003	3.5749123140159017e-20
1004	3.5542037490779e-20
1005	3.533631607334506e-20
1006	3.5131974091885896e-20
1007	3.492896786445301e-20
1008	3.472730500554827e-20
1009	3.4526948065000935e-20
1010	3.432791150309388e-20
1011	3.413018828821384e-20
1012	3.393379832857848e-20
1013	3.3738749567448344e-20
1014	3.3544995253242713e-20
1015	3.335255974372278e-20
1016	3.3161434369537713e-20
1017	3.297156876869956e-20
1018	3.2782939940206714e-20
1019	3.2595549339865876e-20
1020	3.240940947127086e-20
1021	3.222448770647401e-20
1022	3.204073805844826e-20
1023	3.185815880028692e-20
1024	3.167676127210513e-20
1025	3.1496571033050234e-20
1026	3.1317596118493783e-20
1027	3.1139838394474145e-20
1028	3.096328169817423e-20
1029	3.07878955092565e-20
1030	3.061361232960327e-20
1031	3.044045730333345e-20
1032	3.026844364873865e-20
1033	3.0097542629081995e-20
1034	2.992773728922326e-20
1035	2.9759027709083316e-20
1036	2.959140267576556e-20
1037	2.9424861638273785e-20
1038	2.925938998208899e-20
1039	2.9095013230170084e-20
1040	2.893175715077329e-20
1041	2.8769578273385527e-20
1042	2.8608473553306703e-20
1043	2.8448395349828306e-20
1044	2.828934308351223e-20
1045	2.8131286086937484e-20
1046	2.797422520605907e-20
1047	2.781815404881496e-20
1048	2.766310740577267e-20
1049	2.7509096989647746e-20
1050	2.735610224867474e-20
1051	2.7204119203910585e-20
1052	2.7053083403464768e-20
1053	2.6902971065979608e-20
1054	2.6753800679417515e-20
1055	2.6605602431714767e-20
1056	2.6458352032427276e-20
1057	2.6312016939271193e-20
1058	2.6166593591590494e-20
1059	2.6022121711992164e-20
1060	2.587861537874959e-20
1061	2.5736073561061298e-20
1062	2.559445481136978e-20
1063	2.5453734280902668e-20
1064	2.5313898251244053e-20
1065	2.5174930322094185e-20
1066	2.5036824326691106e-20
1067	2.4899582981776722e-20
1068	2.47632208591461e-20
1069	2.462772546676614e-20
1070	2.4493094791609198e-20
1071	2.4359303628520295e-20
1072	2.42263289476508e-20
1073	2.4094172569328666e-20
1074	2.3962859263301468e-20
1075	2.3832413515176382e-20
1076	2.3702819182730777e-20
1077	2.357405114356043e-20
1078	2.3446075645227228e-20
1079	2.331888232924127e-20
1080	2.3192476241096383e-20
1081	2.306687894543261e-20
1082	2.2942074263788118e-20
1083	2.2818064185838394e-20
1084	2.2694829656919716e-20
1085	2.257235329964956e-20
1086	2.245064362730356e-20
1087	2.2329692714468312e-20
1088	2.2209488401524288e-20
1089	2.209002789814046e-20
1090	2.19713197425308e-20
1091	2.1853353089286757e-20
1092	2.1736114201009348e-20
1093	2.161959112492372e-20
1094	2.1503784208924587e-20
1095	2.1388686934761238e-20
1096	2.1274321213445433e-20
1097	2.1160697407036698e-20
1098	2.104779589704242e-20
1099	2.0935603018101078e-20
1100	2.082409083007339e-20
1101	2.0713249394270687e-20
1102	2.0603065783780925e-20
1103	2.0493556569623427e-20
1104	2.03847026994173e-20
1105	2.0276527129104162e-20
1106	2.016901279362688e-20
1107	2.006217501541265e-20
1108	1.9955992060609143e-20
1109	1.9850478729869354e-20
1110	1.9745621525510347e-20
1111	1.9641397658195144e-20
1112	1.9537812362357325e-20
1113	1.943488070092745e-20
1114	1.9332579719884373e-20
1115	1.923089782191806e-20
1116	1.9129810139754967e-20
1117	1.9029313818387075e-20
1118	1.8929429966325286e-20
1119	1.8830172521877187e-20
1120	1.873152687697047e-20
1121	1.8633478478806624e-20
1122	1.853601580660174e-20
1123	1.843915089116134e-20
1124	1.8342880347405267e-20
1125	1.824721061289789e-20
1126	1.8152135656523608e-20
1127	1.805762987052659e-20
1128	1.7963676097718145e-20
1129	1.7870280304920338e-20
1130	1.7777435712828354e-20
1131	1.7685130992203778e-20
1132	1.7593382970612004e-20
1133	1.7502198147009204e-20
1134	1.741157823864942e-20
1135	1.732152759494671e-20
1136	1.723200448170193e-20
1137	1.714300398998971e-20
1138	1.7054518491569914e-20
1139	1.6966577291409632e-20
1140	1.6879172232252537e-20
1141	1.679230342851571e-20
1142	1.6705948441147116e-20
1143	1.6620094173934163e-20
1144	1.6534747465779535e-20
1145	1.6449926469478615e-20
1146	1.6365622908445694e-20
1147	1.628181801332858e-20
1148	1.619850789135411e-20
1149	1.6115694114668435e-20
1150	1.603337650625421e-20
1151	1.5951542766036444e-20
1152	1.587016656196709e-20
1153	1.5789251052494625e-20
1154	1.5708812780404234e-20
1155	1.56288697200462e-20
1156	1.5549420502933928e-20
1157	1.5470451619130063e-20
1158	1.5391946060470622e-20
1159	1.5313895445140606e-20
1160	1.5236290671138904e-20
1161	1.5159144638008286e-20
1162	1.5082451534240484e-20
1163	1.50062064686301e-20
1164	1.4930415698061267e-20
1165	1.4855080493782278e-20
1166	1.4780189311250763e-20
1167	1.470574104865224e-20
1168	1.4631709356173723e-20
1169	1.4558099643815555e-20
1170	1.4484923693379462e-20
1171	1.4412188306094252e-20
1172	1.4339888497451757e-20
1173	1.4268013365550853e-20
1174	1.4196548805682907e-20
1175	1.412549574664713e-20
1176	1.4054843976344048e-20
1177	1.3984608545546466e-20
1178	1.39147849697387e-20
1179	1.384536057409469e-20
1180	1.3776343721060603e-20
1181	1.3707730728307052e-20
1182	1.3639515147038503e-20
1183	1.3571693606524113e-20
1184	1.3504248225766931e-20
1185	1.3437192761400679e-20
1186	1.337053459647038e-20
1187	1.3304272866033666e-20
1188	1.3238392884501337e-20
1189	1.3172878596236757e-20
1190	1.3107729352156649e-20
1191	1.3042952817617928e-20
1192	1.297854743681446e-20
1193	1.2914522390461602e-20
1194	1.2850872597032296e-20
1195	1.2787597158240406e-20
1196	1.2724688766287001e-20
1197	1.2662137605650798e-20
1198	1.25999321127163e-20
1199	1.2538066635758279e-20
1200	1.24765494635098e-20
1201	1.2415383500362358e-20
1202	1.2354581478993082e-20
1203	1.2294127135808125e-20
1204	1.2234019932948038e-20
1205	1.2174252531674362e-20
1206	1.2114826839919678e-20
1207	1.2055743231336598e-20
1208	1.1996989831819186e-20
1209	1.193857152843355e-20
1210	1.18804864565365e-20
1211	1.182273214764225e-20
1212	1.1765297923245325e-20
1213	1.1708179869282205e-20
1214	1.165137081875532e-20
1215	1.1594877951624713e-20
1216	1.1538704603313697e-20
1217	1.14828508765368e-20
1218	1.1427323265438974e-20
1219	1.137211270068057e-20
1220	1.131721506451565e-20
1221	1.126262702561892e-20
1222	1.1208348784327376e-20
1223	1.1154377547094133e-20
1224	1.1100703522801791e-20
1225	1.1047330642464095e-20
1226	1.0994252861838155e-20
1227	1.0941471390288977e-20
1228	1.0888978954462905e-20
1229	1.083677071832626e-20
1230	1.0784850185790274e-20
1231	1.0733217235620065e-20
1232	1.0681871989763175e-20
1233	1.0630823241432496e-20
1234	1.0580064841253724e-20
1235	1.0529595307327112e-20
1236	1.0479400398241721e-20
1237	1.0429478442279062e-20
1238	1.037982906840335e-20
1239	1.0330453540009277e-20
1240	1.028134839870818e-20
1241	1.0232516030448263e-20
1242	1.0183962402352144e-20
1243	1.0135682769892349e-20
1244	1.0087666525982508e-20
1245	1.0039906611879075e-20
1246	9.992405063920474e-21
1247	9.945164845856192e-21
1248	9.898189346260886e-21
1249	9.85148026758833e-21
1250	9.805023352594684e-21
1251	9.758815505113594e-21
1252	9.712851249471195e-21
1253	9.66713626736992e-21
1254	9.621675407905617e-21
1255	9.576471303512391e-21
1256	9.531512936761026e-21
1257	9.48680491891534e-21
1258	9.442341396237593e-21
1259	9.398117219483413e-21
1260	9.354127765791172e-21
1261	9.310370814378114e-21
1262	9.266853622455876e-21
1263	9.223578321676792e-21
1264	9.18054114234926e-21
1265	9.137738067196014e-21
1266	9.095166569501266e-21
1267	9.052823339219165e-21
1268	9.010709896141526e-21
1269	8.968825985909707e-21
1270	8.92717231881133e-21
1271	8.885746384860249e-21
1272	8.844540441387899e-21
1273	8.803555855637513e-21
1274	8.762788362236686e-21
1275	8.722237456205606e-21
1276	8.68189697048222e-21
1277	8.641769866892173e-21
1278	8.601856855787969e-21
1279	8.562158060879142e-21
1280	8.522679371159559e-21
1281	8.483417219368829e-21
1282	8.444369563863981e-21
1283	8.40553529686863e-21
1284	8.36690591665671e-21
1285	8.328484606669806e-21
1286	8.290270822630692e-21
1287	8.252258872372843e-21
1288	8.214444704256467e-21
1289	8.176827225945755e-21
1290	8.139403236971488e-21
1291	8.10217622477681e-21
1292	8.065144203010576e-21
1293	8.028309691900746e-21
1294	7.991675473878501e-21
1295	7.955240242657208e-21
1296	7.919001814552305e-21
1297	7.88295407691317e-21
1298	7.847092643337712e-21
1299	7.811417040502027e-21
1300	7.775930472217184e-21
1301	7.740632644010839e-21
1302	7.705526960125559e-21
1303	7.670604715089469e-21
1304	7.635866328194551e-21
1305	7.601310751882762e-21
1306	7.566934666167038e-21
1307	7.532738669263581e-21
1308	7.498720054949327e-21
1309	7.464881110914595e-21
1310	7.431220582315892e-21
1311	7.397738461158776e-21
1312	7.36443023094464e-21
1313	7.331292933698343e-21
1314	7.298323226827935e-21
1315	7.265525234165946e-21
1316	7.232900922154184e-21
1317	7.200449167528444e-21
1318	7.168167008466417e-21
1319	7.136050738887575e-21
1320	7.104103227167749e-21
1321	7.072322045335108e-21
1322	7.040704206222472e-21
1323	7.009245344997137e-21
1324	6.977954318143852e-21
1325	6.946827242113405e-21
1326	6.915864529807046e-21
1327	6.885060540914133e-21
1328	6.854412575091996e-21
1329	6.823917841134e-21
1330	6.793579622571992e-21
1331	6.76340151482961e-21
1332	6.733385706736991e-21
1333	6.703529255950084e-21
1334	6.673823618947031e-21
1335	6.6442660476507885e-21
1336	6.614856758992744e-21
1337	6.585593857308208e-21
1338	6.556477504675666e-21
1339	6.527511492993402e-21
1340	6.498695787386835e-21
1341	6.470031209959592e-21
1342	6.4415110186329274e-21
1343	6.413136263216438e-21
1344	6.3849077702237016e-21
1345	6.35682576637838e-21
1346	6.328892705396762e-21
1347	6.3011042223889765e-21
1348	6.273459371912983e-21
1349	6.245955286013911e-21
1350	6.218583619198594e-21
1351	6.191347593346459e-21
1352	6.164247568331591e-21
1353	6.137282088833373e-21
1354	6.1104522135390355e-21
1355	6.083759321673959e-21
1356	6.0572020694216615e-21
1357	6.030777840099551e-21
1358	6.0044863580331976e-21
1359	5.9783290519683755e-21
1360	5.9523056546264945e-21
1361	5.926417651887989e-21
1362	5.90066131598632e-21
1363	5.8750349871825215e-21
1364	5.849539260534484e-21
1365	5.8241694507437604e-21
1366	5.79892531512545e-21
1367	5.773806704357456e-21
1368	5.748811875154553e-21
1369	5.7239412489096964e-21
1370	5.699195671954015e-21
1371	5.67457733134331e-21
1372	5.650081349682553e-21
1373	5.625708128764373e-21
1374	5.601457211397799e-21
1375	5.5773264286940104e-21
1376	5.55331642930034e-21
1377	5.529426575481583e-21
1378	5.505656723862626e-21
1379	5.482004572781916e-21
1380	5.458468206409098e-21
1381	5.435043749648102e-21
1382	5.411732182225095e-21
1383	5.38853702502124e-21
1384	5.365457766537921e-21
1385	5.342496537044467e-21
1386	5.319652116310854e-21
1387	5.2969210048028056e-21
1388	5.274303300175126e-21
1389	5.251797050089284e-21
1390	5.2294034068658976e-21
1391	5.207121678966647e-21
1392	5.1849492269558745e-21
1393	5.1628858180311384e-21
1394	5.140929845994654e-21
1395	5.1190800508383664e-21
1396	5.097334857229855e-21
1397	5.0756959531435415e-21
1398	5.054163188602447e-21
1399	5.032736028489454e-21
1400	5.01141399892868e-21
1401	4.9901962649010584e-21
1402	4.969080992244865e-21
1403	4.948068520496692e-21
1404	4.927159053623023e-21
1405	4.906353317750783e-21
1406	4.885649908525592e-21
1407	4.8650481844431786e-21
1408	4.844548040231695e-21
1409	4.824148672423544e-21
1410	4.803850980762856e-21
1411	4.783651058433016e-21
1412	4.763549476407161e-21
1413	4.7435449836762265e-21
1414	4.723636331936941e-21
1415	4.703823880055184e-21
1416	4.684106341740624e-21
1417	4.664483367189295e-21
1418	4.644954747792092e-21
1419	4.625519776393297e-21
1420	4.606177680166434e-21
1421	4.5869276144419556e-21
1422	4.567770461510029e-21
1423	4.548707521066273e-21
1424	4.529739438442364e-21
1425	4.5108660872308935e-21
1426	4.492083671157227e-21
1427	4.473390145575178e-21
1428	4.454785740421142e-21
1429	4.436268777623006e-21
1430	4.417839662477459e-21
1431	4.3994983773990615e-21
1432	4.381244000399605e-21
1433	4.363077109648463e-21
1434	4.3449978932526336e-21
1435	4.327005456509427e-21
1436	4.30910068937877e-21
1437	4.291283412457857e-21
1438	4.273552888451195e-21
1439	4.255908813938337e-21
1440	4.238349790507435e-21
1441	4.220872268628595e-21
1442	4.203475222889729e-21
1443	4.186158326500331e-21
1444	4.168921591174108e-21
1445	4.151766774577329e-21
1446	4.134692096108717e-21
1447	4.117699058784677e-21
1448	4.1007873398862826e-21
1449	4.0839568628834795e-21
1450	4.0672083306594996e-21
1451	4.050540146136246e-21
1452	4.0339526819339616e-21
1453	4.017444877772656e-21
1454	4.0010158864584515e-21
1455	3.9846641788464934e-21
1456	3.968386452816165e-21
1457	3.952183584660222e-21
1458	3.9360548036738935e-21
1459	3.920001096154896e-21
1460	3.904022578404135e-21
1461	3.888119691322561e-21
1462	3.872293062447358e-21
1463	3.856542013758383e-21
1464	3.840866869223918e-21
1465	3.8252656011071196e-21
1466	3.809737559610043e-21
1467	3.794282863407656e-21
1468	3.778900685996401e-21
1469	3.763590867135638e-21
1470	3.7483519647017426e-21
1471	3.7331813389169995e-21
1472	3.7180796946337865e-21
1473	3.7030466906425454e-21
1474	3.688084450802722e-21
1475	3.673193461864457e-21
1476	3.6583725256989275e-21
1477	3.6436223966039046e-21
1478	3.628941361063525e-21
1479	3.6143283304118774e-21
1480	3.5997838588527204e-21
1481	3.5853073267308814e-21
1482	3.570898213382804e-21
1483	3.5565561191552384e-21
1484	3.542279505463719e-21
1485	3.5280677994017524e-21
1486	3.513919273663153e-21
1487	3.4998349178918354e-21
1488	3.4858169460291046e-21
1489	3.471864837027935e-21
1490	3.457978614097146e-21
1491	3.444157752562975e-21
1492	3.4304006485821795e-21
1493	3.416706886209946e-21
1494	3.403076618198819e-21
1495	3.389509287125648e-21
1496	3.3760039257650938e-21
1497	3.3625608121566257e-21
1498	3.3491782604748404e-21
1499	3.335856235568769e-21
1500	3.3225936067016272e-21
1501	3.3093902435182243e-21
1502	3.296248036452346e-21
1503	3.283167425277033e-21
1504	3.2701475793441958e-21
1505	3.2571878945139592e-21
1506	3.2442870352629216e-21
1507	3.231444670493358e-21
1508	3.2186614601285564e-21
1509	3.2059375501813793e-21
1510	3.193272629639493e-21
1511	3.180665834351684e-21
1512	3.1681151571376065e-21
1513	3.155620670410978e-21
1514	3.1431818382973955e-21
1515	3.130798356255366e-21
1516	3.1184725577830878e-21
1517	3.106203561206354e-21
1518	3.0939916845338973e-21
1519	3.0818356877437127e-21
1520	3.0697335675504347e-21
1521	3.0576862199140077e-21
1522	3.0456934792940506e-21
1523	3.0337548586334714e-21
1524	3.0218709783455787e-21
1525	3.0100402944067166e-21
1526	2.9982618763340736e-21
1527	2.986535964456769e-21
1528	2.9748631922493204e-21
1529	2.963242971599146e-21
1530	2.9516755858556432e-21
1531	2.9401607502940488e-21
1532	2.9286983084771e-21
1533	2.9172868722539343e-21
1534	2.9059263909887086e-21
1535	2.8946175239129795e-21
1536	2.883359131302913e-21
1537	2.872151424826341e-21
1538	2.8609944302785122e-21
1539	2.8498870389530375e-21
1540	2.838828770092592e-21
1541	2.827819943902802e-21
1542	2.816860349624195e-21
1543	2.8059498390883518e-21
1544	2.795087826037805e-21
1545	2.784274786252836e-21
1546	2.7735100938714603e-21
1547	2.7627930420161715e-21
1548	2.7521237129442052e-21
1549	2.7415018570262475e-21
1550	2.7309274833231613e-21
1551	2.720400378122989e-21
1552	2.7099200978354366e-21
1553	2.699486247422041e-21
1554	2.6890985040499684e-21
1555	2.678756399505922e-21
1556	2.6684605630559556e-21
1557	2.6582105740906227e-21
1558	2.648005879699699e-21
1559	2.6378469327747977e-21
1560	2.6277331825242546e-21
1561	2.6176640300549703e-21
1562	2.6076396735125374e-21
1563	2.5976597284158085e-21
1564	2.5877241276224206e-21
1565	2.577832115055431e-21
1566	2.567983172909977e-21
1567	2.5581772743130632e-21
1568	2.548414659704965e-21
1569	2.5386957679607887e-21
1570	2.529020096097758e-21
1571	2.5193872233306296e-21
1572	2.5097962804372647e-21
1573	2.500247329564678e-21
1574	2.4907399957545535e-21
1575	2.481273983493528e-21
1576	2.4718491532059456e-21
1577	2.462465252588773e-21
1578	2.453121996040166e-21
1579	2.443819565292448e-21
1580	2.4345573548526784e-21
1581	2.42533555043381e-21
1582	2.4161548392517897e-21
1583	2.40701462848123e-21
1584	2.397915030678025e-21
1585	2.388854839843525e-21
1586	2.3798338781411443e-21
1587	2.3708524203238093e-21
1588	2.361909889140312e-21
1589	2.3530068565329987e-21
1590	2.3441427484736583e-21
1591	2.3353173111755797e-21
1592	2.3265308327927374e-21
1593	2.3177825006134352e-21
1594	2.309072484060857e-21
1595	2.3004002742441452e-21
1596	2.2917654538844507e-21
1597	2.2831682869621295e-21
1598	2.2746081288151356e-21
1599	2.2660840721678696e-21
1600	2.2575969439384165e-21
1601	2.249146369746166e-21
1602	2.240731977286133e-21
1603	2.2323539052705123e-21
1604	2.2240119565183994e-21
1605	2.215705733457267e-21
1606	2.207435083249182e-21
1607	2.199199982617735e-21
1608	2.1910002911878207e-21
1609	2.1828361918209902e-21
1610	2.174708022042071e-21
1611	2.166615384608793e-21
1612	2.1585575760221766e-21
1613	2.150534224499679e-21
1614	2.142545242646921e-21
1615	2.134590227985838e-21
1616	2.126669173240926e-21
1617	2.1187819367664427e-21
1618	2.11092847174699e-21
1619	2.1031085899950472e-21
1620	2.0953220959734936e-21
1621	2.0875689950177603e-21
1622	2.0798489758641406e-21
1623	2.072162451327225e-21
1624	2.06450914265453e-21
1625	2.056888469791047e-21
1626	2.0492996429146432e-21
1627	2.0417429950153243e-21
1628	2.0342185226295438e-21
1629	2.0267261805699958e-21
1630	2.0192656178776722e-21
1631	2.011837012691264e-21
1632	2.004439763863694e-21
1633	1.9970740185629305e-21
1634	1.9897399076639125e-21
1635	1.9824372470693807e-21
1636	1.975165835316487e-21
1637	1.967925188761619e-21
1638	1.9607151071436297e-21
1639	1.953534994178072e-21
1640	1.9463847608670627e-21
1641	1.9392646133732738e-21
1642	1.9321743858924734e-21
1643	1.9251143831588675e-21
1644	1.9180842121973057e-21
1645	1.9110838581212653e-21
1646	1.9041131964052573e-21
1647	1.897172010796751e-21
1648	1.8902602820057903e-21
1649	1.8833780446512998e-21
1650	1.876524629952447e-21
1651	1.8696998280183408e-21
1652	1.862903673507441e-21
1653	1.85613587335318e-21
1654	1.8493966445269363e-21
1655	1.8426860447143415e-21
1656	1.8360033603472065e-21
1657	1.8293486511972216e-21
1658	1.82272188662054e-21
1659	1.8161228043213553e-21
1660	1.8095512979805454e-21
1661	1.803007494562755e-21
1662	1.7964908207689937e-21
1663	1.7900013048877153e-21
1664	1.7835391000953865e-21
1665	1.777103839527338e-21
1666	1.7706952655908565e-21
1667	1.7643135501198546e-21
1668	1.75795831135718e-21
1669	1.7516294329488533e-21
1670	1.745326997165541e-21
1671	1.739050656476828e-21
1672	1.7328003209933045e-21
1673	1.7265760593153626e-21
1674	1.720377686165685e-21
1675	1.7142052515806674e-21
1676	1.70805858599439e-21
1677	1.701937494457749e-21
1678	1.6958417658810796e-21
1679	1.6897712643543696e-21
1680	1.683725803143113e-21
1681	1.6777052798589451e-21
1682	1.671709587793921e-21
1683	1.6657384836972695e-21
1684	1.6597920112109335e-21
1685	1.653870309310235e-21
1686	1.6479732852848821e-21
1687	1.642100801931349e-21
1688	1.6362526037813707e-21
1689	1.6304285819150128e-21
1690	1.624628603535086e-21
1691	1.618852245198391e-21
1692	1.6130995419652229e-21
1693	1.6073703062121115e-21
1694	1.6016645593903402e-21
1695	1.5959820874740976e-21
1696	1.5903230543807838e-21
1697	1.5846873700192654e-21
1698	1.5790748925427139e-21
1699	1.573485533338917e-21
1700	1.5679190724691774e-21
1701	1.5623755882289198e-21
1702	1.556854703771448e-21
1703	1.5513563474818767e-21
1704	1.5458801252486477e-21
1705	1.5404259779192148e-21
1706	1.5349939505619927e-21
1707	1.529584117630187e-21
1708	1.5241964762949395e-21
1709	1.5188310244249313e-21
1710	1.5134876832372643e-21
1711	1.5081661909222051e-21
1712	1.5028664862293596e-21
1713	1.4975884477545796e-21
1714	1.4923317319310083e-21
1715	1.4870963674457402e-21
1716	1.4818818611191035e-21
1717	1.4766883679837042e-21
1718	1.4715161379180653e-21
1719	1.4663650578125522e-21
1720	1.4612350324085921e-21
1721	1.4561258922607263e-21
1722	1.4510374645098606e-21
1723	1.445969655878313e-21
1724	1.4409222565130676e-21
1725	1.4358951275932284e-21
1726	1.4308881286797924e-21
1727	1.4259013484594822e-21
1728	1.4209344537814267e-21
1729	1.4159875714488607e-21
1730	1.4110607300345935e-21
1731	1.406153831767619e-21
1732	1.401266773316347e-21
1733	1.3963994122030082e-21
1734	1.3915517355512396e-21
1735	1.3867237499662957e-21
1736	1.3819151292416692e-21
1737	1.3771256759116006e-21
1738	1.3723555534654825e-21
1739	1.367604578919756e-21
1740	1.3628724752660948e-21
1741	1.3581593036929358e-21
1742	1.353464962819436e-21
1743	1.3487895470316456e-21
1744	1.3441328460150926e-21
1745	1.33949486964856e-21
1746	1.3348754260855054e-21
1747	1.3302744054766583e-21
1748	1.3256915705769054e-21
1749	1.3211268329224185e-21
1750	1.3165802965739717e-21
1751	1.3120518227158229e-21
1752	1.3075412548936634e-21
1753	1.3030487070207661e-21
1754	1.2985741478655917e-21
1755	1.2941177053961089e-21
1756	1.289679179955568e-21
1757	1.2852582894719223e-21
1758	1.2808550007466472e-21
1759	1.276469080844207e-21
1760	1.2721005291720365e-21
1761	1.2677492168327639e-21
1762	1.2634151685884083e-21
1763	1.2590983394175053e-21
1764	1.2547985023253593e-21
1765	1.2505157359085236e-21
1766	1.246249991956317e-21
1767	1.242001182231301e-21
1768	1.2377690758472766e-21
1769	1.2335534611707778e-21
1770	1.2293542859977455e-21
1771	1.2251715748093391e-21
1772	1.2210052633870502e-21
1773	1.2168554408568331e-21
1774	1.2127219753499408e-21
1775	1.2086048153585239e-21
1776	1.204503973986558e-21
1777	1.2004193948371545e-21
1778	1.196350957774535e-21
1779	1.1922985001723478e-21
1780	1.1882618830444599e-21
1781	1.184240964474698e-21
1782	1.1802358588736356e-21
1783	1.176246563076856e-21
1784	1.1722730176547958e-21
1785	1.1683152114957712e-21
1786	1.1643729534473115e-21
1787	1.1604460910522406e-21
1788	1.1565345953664235e-21
1789	1.1526383160054031e-21
1790	1.1487571804310048e-21
1791	1.1448910352294872e-21
1792	1.1410398103216211e-21
1793	1.1372035531671652e-21
1794	1.1333822958839462e-21
1795	1.1295760182778665e-21
1796	1.125784504187572e-21
1797	1.1220076392451963e-21
1798	1.1182453789837786e-21
1799	1.1144975666011482e-21
1800	1.1107641541819423e-21
1801	1.107045216732198e-21
1802	1.1033407373570238e-21
1803	1.0996506385533998e-21
1804	1.0959748888994374e-21
1805	1.0923135065716027e-21
1806	1.0886663579168783e-21
1807	1.0850333853503825e-21
1808	1.081414494958572e-21
1809	1.0778095139559227e-21
1810	1.0742185699542382e-21
1811	1.0706415741651848e-21
1812	1.0670783414702835e-21
1813	1.0635289405166374e-21
1814	1.059993415506734e-21
1815	1.0564715541919133e-21
1816	1.0529632605240619e-21
1817	1.0494685167373596e-21
1818	1.045987175544685e-21
1819	1.042519127087621e-21
1820	1.0390643487777106e-21
1821	1.0356227900468168e-21
1822	1.0321944081436114e-21
1823	1.0287791691085214e-21
1824	1.02537695884135e-21
1825	1.021987679288964e-21
1826	1.0186113986533426e-21
1827	1.0152480478448264e-21
1828	1.0118974241086373e-21
1829	1.0085595657891403e-21
1830	1.0052343663570397e-21
1831	1.0019218752495691e-21
1832	9.986220584964348e-22
1833	9.953348606606881e-22
1834	9.92060221379683e-22
1835	9.887980743275669e-22
1836	9.855483827816472e-22
1837	9.823110842285875e-22
1838	9.790860916605964e-22
1839	9.758734732369705e-22
1840	9.726730087501426e-22
1841	9.694846741032955e-22
1842	9.66308488632261e-22
1843	9.631443930058926e-22
1844	9.599922987509764e-22
1845	9.568521828429631e-22
1846	9.537240363354376e-22
1847	9.50607759399672e-22
1848	9.475033241345029e-22
1849	9.44410650574892e-22
1850	9.413296743524416e-22
1851	9.382603164469882e-22
1852	9.352025403984404e-22
1853	9.321562840256676e-22
1854	9.291214336410195e-22
1855	9.260980308486194e-22
1856	9.230860647031103e-22
1857	9.200853886128793e-22
1858	9.170960483658693e-22
1859	9.141179727717675e-22
1860	9.111510272568775e-22
1861	9.081952015174825e-22
1862	9.052504551003893e-22
1863	9.023167341063914e-22
1864	8.993940378820767e-22
1865	8.964823248052738e-22
1866	8.935815165537314e-22
1867	8.906915752144946e-22
1868	8.878124779470847e-22
1869	8.849442054489119e-22
1870	8.820866341471278e-22
1871	8.792397698981718e-22
1872	8.76403563294998e-22
1873	8.735779626074534e-22
1874	8.707628926108704e-22
1875	8.679583223724595e-22
1876	8.651641710631387e-22
1877	8.623804498483314e-22
1878	8.59607126896752e-22
1879	8.568441134424e-22
1880	8.540914271983217e-22
1881	8.513490047999064e-22
1882	8.486167627531716e-22
1883	8.458945951686718e-22
1884	8.431824926947746e-22
1885	8.404804334780263e-22
1886	8.377883736872318e-22
1887	8.351063106866667e-22
1888	8.324341752549497e-22
1889	8.297719816369637e-22
1890	8.271196771800072e-22
1891	8.244772436874924e-22
1892	8.218446104079887e-22
1893	8.1922167748358195e-22
1894	8.166084126042298e-22
1895	8.14004730078415e-22
1896	8.114106733680363e-22
1897	8.088262596808241e-22
1898	8.062514138386231e-22
1899	8.036860244881617e-22
1900	8.011300957903983e-22
1901	7.985835850097575e-22
1902	7.960464268305168e-22
1903	7.9351859547492615e-22
1904	7.910000333502219e-22
1905	7.884907223873966e-22
1906	7.859905864798642e-22
1907	7.8349957382983835e-22
1908	7.810177325647979e-22
1909	7.78545021785565e-22
1910	7.760814116843218e-22
1911	7.736268170943013e-22
1912	7.711811648384405e-22
1913	7.687444212015532e-22
1914	7.663166286571813e-22
1915	7.63897707936619e-22
1916	7.614876206850929e-22
1917	7.590863365745988e-22
1918	7.566938072841372e-22
1919	7.5431001614733725e-22
1920	7.519349032655511e-22
1921	7.495684533035678e-22
1922	7.472106452473409e-22
1923	7.448613954940614e-22
1924	7.425206441030241e-22
1925	7.4018834419236e-22
1926	7.378645057618505e-22
1927	7.355490877695005e-22
1928	7.332421009851261e-22
1929	7.309434373175236e-22
1930	7.286531044387143e-22
1931	7.263710532196693e-22
1932	7.240972556885939e-22
1933	7.218317037740322e-22
1934	7.195743580926376e-22
1935	7.173252008786401e-22
1936	7.150842119424184e-22
1937	7.128513179887764e-22
1938	7.106265111706935e-22
1939	7.084097660576194e-22
1940	7.062010770298794e-22
1941	7.040003593116977e-22
1942	7.018076348119783e-22
1943	6.996228405903987e-22
1944	6.97445900656837e-22
1945	6.95276800483964e-22
1946	6.931155182064505e-22
1947	6.909620113451919e-22
1948	6.8881620509449075e-22
1949	6.8667810577464e-22
1950	6.845476482150349e-22
1951	6.824248095215873e-22
1952	6.80309564302125e-22
1953	6.7820189330268935e-22
1954	6.761017513391948e-22
1955	6.740090906161334e-22
1956	6.719238914358739e-22
1957	6.698461034101611e-22
1958	6.677756911999166e-22
1959	6.6571266314712685e-22
1960	6.636569727216832e-22
1961	6.616086016908523e-22
1962	6.595675500689573e-22
1963	6.575337853305266e-22
1964	6.555072725083171e-22
1965	6.534879821415817e-22
1966	6.514758772419377e-22
1967	6.494709251745014e-22
1968	6.47473085355902e-22
1969	6.454823573620087e-22
1970	6.434987094029664e-22
1971	6.415221401022898e-22
1972	6.39552629001324e-22
1973	6.37590139500056e-22
1974	6.356346573061647e-22
1975	6.336861495975498e-22
1976	6.3174454877675795e-22
1977	6.298098329254994e-22
1978	6.278819729100149e-22
1979	6.259609449297568e-22
1980	6.240467205252663e-22
1981	6.221392793671992e-22
1982	6.202386140474092e-22
1983	6.183446727371872e-22
1984	6.16457438518055e-22
1985	6.145768665794698e-22
1986	6.1270287795526025e-22
1987	6.108354634966844e-22
1988	6.089745963492346e-22
1989	6.071202626681321e-22
1990	6.052724058955197e-22
1991	6.034310095553081e-22
1992	6.015960774092955e-22
1993	5.997675647144564e-22
1994	5.979454438091079e-22
1995	5.961296998398957e-22
1996	5.943203019680263e-22
1997	5.925172058962603e-22
1998	5.9072038209093275e-22
1999	5.88929795971558e-22
2000	5.871454823882346e-22