FFTlog decomposition of k^-1P(k) 
| n | c_n, Re() ,  Im() | nu_n, Re(), Im() |
1.  	0.026584149  	0.0131915    	-1.9	-27.94471 
2.  	0.043099576  	0.041079352  	-1.9	-27.665263
3.  	0.029206973  	0.052515533  	-1.9	-27.385816
4.  	0.012347111  	0.05971911   	-1.9	-27.106369
5.  	-0.0063310466	0.061866199  	-1.9	-26.826921
6.  	-0.025391004 	0.058433432  	-1.9	-26.547474
7.  	-0.043243125 	0.049323756  	-1.9	-26.268027
8.  	-0.058314279 	0.034846412  	-1.9	-25.98858 
9.  	-0.069073754 	0.015609798  	-1.9	-25.709133
10. 	-0.073908343 	-0.0074370553	-1.9	-25.429686
11. 	-0.071117837 	-0.032691423 	-1.9	-25.150239
12. 	-0.059319367 	-0.057544323 	-1.9	-24.870792
13. 	-0.038195943 	-0.078427232 	-1.9	-24.591345
14. 	-0.0091299927	-0.091467574 	-1.9	-24.311898
15. 	0.024740416  	-0.093472599 	-1.9	-24.03245 
16. 	0.059073815  	-0.082699247 	-1.9	-23.753003
17. 	0.089073966  	-0.059103822 	-1.9	-23.473556
18. 	0.11001073   	-0.024255574 	-1.9	-23.194109
19. 	0.11750748   	0.018667624  	-1.9	-22.914662
20. 	0.10799009   	0.064650568  	-1.9	-22.635215
21. 	0.079645716  	0.10673228   	-1.9	-22.355768
22. 	0.0337441    	0.13661321   	-1.9	-22.076321
23. 	-0.024352706 	0.14627945   	-1.9	-21.796874
24. 	-0.085266973 	0.13030596   	-1.9	-21.517427
25. 	-0.13710826  	0.087986338  	-1.9	-21.237979
26. 	-0.16806812  	0.024406046  	-1.9	-20.958532
27. 	-0.16930253  	-0.049982928 	-1.9	-20.679085
28. 	-0.13727445  	-0.12115136  	-1.9	-20.399638
29. 	-0.075042621 	-0.17415026  	-1.9	-20.120191
30. 	0.0076720754 	-0.19610156  	-1.9	-19.840744
31. 	0.095653721  	-0.17909178  	-1.9	-19.561297
32. 	0.17058226   	-0.12255106  	-1.9	-19.28185 
33. 	0.21453822   	-0.034571624 	-1.9	-19.002403
34. 	0.21418683   	0.068467223  	-1.9	-18.722956
35. 	0.16475698   	0.16440295   	-1.9	-18.443509
36. 	0.072633289  	0.22981303   	-1.9	-18.164061
37. 	-0.044521273 	0.24573039   	-1.9	-17.884614
38. 	-0.16064406  	0.20313333   	-1.9	-17.605167
39. 	-0.24682954  	0.1066006    	-1.9	-17.32572 
40. 	-0.27837772  	-0.02513783  	-1.9	-17.046273
41. 	-0.24161391  	-0.16224207  	-1.9	-16.766826
42. 	-0.13873715  	-0.26997353  	-1.9	-16.487379
43. 	0.010661454  	-0.31691728  	-1.9	-16.207932
44. 	0.17219391   	-0.28356874  	-1.9	-15.928485
45. 	0.30347382   	-0.16932066  	-1.9	-15.649038
46. 	0.36430982   	0.0042356593 	-1.9	-15.36959 
47. 	0.32837549   	0.19547486   	-1.9	-15.090143
48. 	0.19338049   	0.3511584    	-1.9	-14.810696
49. 	-0.013739497 	0.42020691   	-1.9	-14.531249
50. 	-0.23956968  	0.36988732   	-1.9	-14.251802
51. 	-0.41610375  	0.19976402   	-1.9	-13.972355
52. 	-0.48018607  	-0.051897754 	-1.9	-13.692908
53. 	-0.39571798  	-0.31352371  	-1.9	-13.413461
54. 	-0.17134276  	-0.49857199  	-1.9	-13.134014
55. 	0.13410375   	-0.53336639  	-1.9	-12.854567
56. 	0.42353115   	-0.38627213  	-1.9	-12.575119
57. 	0.59061601   	-0.087234269 	-1.9	-12.295672
58. 	0.55855192   	0.27243661   	-1.9	-12.016225
59. 	0.31509971   	0.56463389   	-1.9	-11.736778
60. 	-0.071396614 	0.66878681   	-1.9	-11.457331
61. 	-0.46591167  	0.52172079   	-1.9	-11.177884
62. 	-0.71102043  	0.15311462   	-1.9	-10.898437
63. 	-0.68893709  	-0.31160865  	-1.9	-10.61899 
64. 	-0.37811102  	-0.68894704  	-1.9	-10.339543
65. 	0.12165146   	-0.80741394  	-1.9	-10.060096
66. 	0.6134434    	-0.58548118  	-1.9	-9.7806485
67. 	0.87634265   	-0.083344181 	-1.9	-9.5012014
68. 	0.76362346   	0.50137654   	-1.9	-9.2217543
69. 	0.28458369   	0.90405611   	-1.9	-8.9423072
70. 	-0.37339989  	0.9096933    	-1.9	-8.6628601
71. 	-0.90675062  	0.46815115   	-1.9	-8.383413 
72. 	-1.0294319   	-0.25070939  	-1.9	-8.1039659
73. 	-0.6262267   	-0.90526818  	-1.9	-7.8245188
74. 	0.1520717    	-1.134122    	-1.9	-7.5450717
75. 	0.92035221   	-0.75452551  	-1.9	-7.2656246
76. 	1.2346545    	0.095186752  	-1.9	-6.9861775
77. 	0.84665774   	0.9714871    	-1.9	-6.7067304
78. 	-0.099531006 	1.3367743    	-1.9	-6.4272833
79. 	-1.0747036   	0.88690848   	-1.9	-6.1478362
80. 	-1.434704    	-0.19180444  	-1.9	-5.8683891
81. 	-0.845587    	-1.241329    	-1.9	-5.588942 
82. 	0.40045191   	-1.5029533   	-1.9	-5.3094949
83. 	1.4598447    	-0.6721071   	-1.9	-5.0300478
84. 	1.4779912    	0.74905979   	-1.9	-4.7506007
85. 	0.30235828   	1.6736396    	-1.9	-4.4711536
86. 	-1.2056602   	1.2418469    	-1.9	-4.1917065
87. 	-1.7125538   	-0.31432777  	-1.9	-3.9122594
88. 	-0.62068672  	-1.6022535   	-1.9	-3.6328123
89. 	1.0563858    	-1.2365552   	-1.9	-3.3533652
90. 	1.3510909    	0.4789903    	-1.9	-3.0739181
91. 	-0.37322246  	1.1998001    	-1.9	-2.794471 
92. 	-1.5442809   	-1.0035087   	-1.9	-2.5150239
93. 	1.8037552    	-3.706425    	-1.9	-2.2355768
94. 	8.7050469    	0.19446447   	-1.9	-1.9561297
95. 	8.4245487    	14.321608    	-1.9	-1.6766826
96. 	-11.988991   	26.622247    	-1.9	-1.3972355
97. 	-46.202772   	11.149182    	-1.9	-1.1177884
98. 	-57.040614   	-42.292154   	-1.9	-0.8383413
99. 	-8.1257004   	-95.550608   	-1.9	-0.5588942
100.	78.448563    	-84.771076   	-1.9	-0.2794471
101.	123.00845    	0            	-1.9	0         