#           k/h    P           
    0.73855E-04    0.31783E+03
    0.78947E-04    0.33902E+03
    0.84389E-04    0.36161E+03
    0.90207E-04    0.38571E+03
    0.96426E-04    0.41142E+03
    0.10307E-03    0.43884E+03
    0.11018E-03    0.46808E+03
    0.11777E-03    0.49927E+03
    0.12589E-03    0.53254E+03
    0.13457E-03    0.56801E+03
    0.14385E-03    0.60585E+03
    0.15377E-03    0.64620E+03
    0.16437E-03    0.68923E+03
    0.17570E-03    0.73511E+03
    0.18781E-03    0.78404E+03
    0.20076E-03    0.83622E+03
    0.21460E-03    0.89185E+03
    0.22939E-03    0.95116E+03
    0.24521E-03    0.10144E+04
    0.26211E-03    0.10818E+04
    0.28018E-03    0.11537E+04
    0.29950E-03    0.12303E+04
    0.32014E-03    0.13119E+04
    0.34222E-03    0.13989E+04
    0.36581E-03    0.14916E+04
    0.39103E-03    0.15903E+04
    0.41798E-03    0.16955E+04
    0.44680E-03    0.18075E+04
    0.47760E-03    0.19268E+04
    0.51053E-03    0.20538E+04
    0.54572E-03    0.21890E+04
    0.58334E-03    0.23328E+04
    0.62356E-03    0.24858E+04
    0.66654E-03    0.26485E+04
    0.71250E-03    0.28215E+04
    0.76161E-03    0.30054E+04
    0.81412E-03    0.32008E+04
    0.87024E-03    0.34082E+04
    0.93024E-03    0.36284E+04
    0.99437E-03    0.38621E+04
    0.10629E-02    0.41098E+04
    0.11362E-02    0.43724E+04
    0.12145E-02    0.46506E+04
    0.12983E-02    0.49450E+04
    0.13878E-02    0.52564E+04
    0.14834E-02    0.55854E+04
    0.15857E-02    0.59329E+04
    0.16950E-02    0.62995E+04
    0.18119E-02    0.66858E+04
    0.19368E-02    0.70925E+04
    0.20703E-02    0.75201E+04
    0.22130E-02    0.79692E+04
    0.23656E-02    0.84401E+04
    0.25286E-02    0.89332E+04
    0.27030E-02    0.94486E+04
    0.28893E-02    0.99865E+04
    0.30885E-02    0.10547E+05
    0.33014E-02    0.11129E+05
    0.35290E-02    0.11733E+05
    0.37723E-02    0.12358E+05
    0.40324E-02    0.13004E+05
    0.43103E-02    0.13667E+05
    0.46075E-02    0.14349E+05
    0.49251E-02    0.15045E+05
    0.49581E-02    0.15115E+05
    0.49912E-02    0.15186E+05
    0.50246E-02    0.15257E+05
    0.50582E-02    0.15327E+05
    0.50921E-02    0.15398E+05
    0.51261E-02    0.15469E+05
    0.51604E-02    0.15540E+05
    0.51949E-02    0.15612E+05
    0.52297E-02    0.15683E+05
    0.52647E-02    0.15755E+05
    0.52999E-02    0.15826E+05
    0.53353E-02    0.15898E+05
    0.53710E-02    0.15970E+05
    0.54069E-02    0.16041E+05
    0.54431E-02    0.16113E+05
    0.54795E-02    0.16185E+05
    0.55162E-02    0.16258E+05
    0.55531E-02    0.16330E+05
    0.55902E-02    0.16402E+05
    0.56276E-02    0.16474E+05
    0.56653E-02    0.16547E+05
    0.57031E-02    0.16619E+05
    0.57413E-02    0.16692E+05
    0.57797E-02    0.16765E+05
    0.58184E-02    0.16837E+05
    0.58573E-02    0.16910E+05
    0.58965E-02    0.16983E+05
    0.59359E-02    0.17056E+05
    0.59756E-02    0.17129E+05
    0.60156E-02    0.17202E+05
    0.60558E-02    0.17275E+05
    0.60963E-02    0.17348E+05
    0.61371E-02    0.17421E+05
    0.61781E-02    0.17494E+05
    0.62195E-02    0.17567E+05
    0.62611E-02    0.17640E+05
    0.63030E-02    0.17713E+05
    0.63451E-02    0.17786E+05
    0.63876E-02    0.17859E+05
    0.64303E-02    0.17932E+05
    0.64733E-02    0.18005E+05
    0.65166E-02    0.18078E+05
    0.65602E-02    0.18151E+05
    0.66041E-02    0.18225E+05
    0.66482E-02    0.18298E+05
    0.66927E-02    0.18371E+05
    0.67375E-02    0.18444E+05
    0.67825E-02    0.18517E+05
    0.68279E-02    0.18589E+05
    0.68736E-02    0.18662E+05
    0.69196E-02    0.18735E+05
    0.69658E-02    0.18808E+05
    0.70124E-02    0.18880E+05
    0.70593E-02    0.18953E+05
    0.71066E-02    0.19026E+05
    0.71541E-02    0.19098E+05
    0.72019E-02    0.19170E+05
    0.72501E-02    0.19243E+05
    0.72986E-02    0.19315E+05
    0.73474E-02    0.19387E+05
    0.73966E-02    0.19459E+05
    0.74461E-02    0.19531E+05
    0.74959E-02    0.19603E+05
    0.75460E-02    0.19674E+05
    0.75965E-02    0.19746E+05
    0.76473E-02    0.19817E+05
    0.76984E-02    0.19888E+05
    0.77499E-02    0.19959E+05
    0.78018E-02    0.20030E+05
    0.78540E-02    0.20101E+05
    0.79065E-02    0.20172E+05
    0.79594E-02    0.20242E+05
    0.80126E-02    0.20312E+05
    0.80662E-02    0.20383E+05
    0.81202E-02    0.20452E+05
    0.81745E-02    0.20522E+05
    0.82292E-02    0.20592E+05
    0.82842E-02    0.20661E+05
    0.83396E-02    0.20730E+05
    0.83954E-02    0.20799E+05
    0.84516E-02    0.20867E+05
    0.85081E-02    0.20936E+05
    0.85650E-02    0.21004E+05
    0.86223E-02    0.21072E+05
    0.86800E-02    0.21139E+05
    0.87380E-02    0.21207E+05
    0.87965E-02    0.21274E+05
    0.88553E-02    0.21341E+05
    0.89146E-02    0.21407E+05
    0.89742E-02    0.21473E+05
    0.90342E-02    0.21539E+05
    0.90946E-02    0.21605E+05
    0.91555E-02    0.21670E+05
    0.92167E-02    0.21735E+05
    0.92784E-02    0.21800E+05
    0.93404E-02    0.21864E+05
    0.94029E-02    0.21928E+05
    0.94658E-02    0.21992E+05
    0.95291E-02    0.22055E+05
    0.95929E-02    0.22118E+05
    0.96570E-02    0.22180E+05
    0.97216E-02    0.22242E+05
    0.97866E-02    0.22304E+05
    0.98521E-02    0.22365E+05
    0.99180E-02    0.22426E+05
    0.99843E-02    0.22487E+05
    0.10051E-01    0.22547E+05
    0.10118E-01    0.22606E+05
    0.10186E-01    0.22665E+05
    0.10254E-01    0.22724E+05
    0.10323E-01    0.22782E+05
    0.10392E-01    0.22840E+05
    0.10461E-01    0.22897E+05
    0.10531E-01    0.22954E+05
    0.10602E-01    0.23010E+05
    0.10673E-01    0.23066E+05
    0.10744E-01    0.23121E+05
    0.10816E-01    0.23176E+05
    0.10888E-01    0.23230E+05
    0.10961E-01    0.23284E+05
    0.11034E-01    0.23337E+05
    0.11108E-01    0.23389E+05
    0.11183E-01    0.23441E+05
    0.11257E-01    0.23493E+05
    0.11333E-01    0.23543E+05
    0.11408E-01    0.23593E+05
    0.11485E-01    0.23643E+05
    0.11562E-01    0.23692E+05
    0.11639E-01    0.23740E+05
    0.11717E-01    0.23788E+05
    0.11795E-01    0.23835E+05
    0.11874E-01    0.23881E+05
    0.11953E-01    0.23927E+05
    0.12033E-01    0.23972E+05
    0.12114E-01    0.24016E+05
    0.12195E-01    0.24060E+05
    0.12276E-01    0.24102E+05
    0.12359E-01    0.24145E+05
    0.12441E-01    0.24186E+05
    0.12524E-01    0.24227E+05
    0.12608E-01    0.24267E+05
    0.12693E-01    0.24306E+05
    0.12777E-01    0.24344E+05
    0.12863E-01    0.24382E+05
    0.12949E-01    0.24418E+05
    0.13036E-01    0.24454E+05
    0.13123E-01    0.24490E+05
    0.13211E-01    0.24524E+05
    0.13299E-01    0.24557E+05
    0.13388E-01    0.24590E+05
    0.13477E-01    0.24622E+05
    0.13568E-01    0.24653E+05
    0.13658E-01    0.24683E+05
    0.13750E-01    0.24712E+05
    0.13842E-01    0.24741E+05
    0.13934E-01    0.24768E+05
    0.14027E-01    0.24794E+05
    0.14121E-01    0.24820E+05
    0.14216E-01    0.24845E+05
    0.14311E-01    0.24868E+05
    0.14407E-01    0.24891E+05
    0.14503E-01    0.24913E+05
    0.14600E-01    0.24933E+05
    0.14698E-01    0.24953E+05
    0.14796E-01    0.24972E+05
    0.14895E-01    0.24990E+05
    0.14995E-01    0.25006E+05
    0.15095E-01    0.25022E+05
    0.15196E-01    0.25037E+05
    0.15297E-01    0.25050E+05
    0.15400E-01    0.25063E+05
    0.15503E-01    0.25075E+05
    0.15606E-01    0.25085E+05
    0.15711E-01    0.25094E+05
    0.15816E-01    0.25103E+05
    0.15922E-01    0.25110E+05
    0.16028E-01    0.25116E+05
    0.16135E-01    0.25121E+05
    0.16243E-01    0.25124E+05
    0.16352E-01    0.25127E+05
    0.16461E-01    0.25128E+05
    0.16572E-01    0.25129E+05
    0.16682E-01    0.25128E+05
    0.16794E-01    0.25126E+05
    0.16906E-01    0.25123E+05
    0.17019E-01    0.25118E+05
    0.17133E-01    0.25112E+05
    0.17248E-01    0.25106E+05
    0.17363E-01    0.25098E+05
    0.17479E-01    0.25088E+05
    0.17596E-01    0.25078E+05
    0.17714E-01    0.25066E+05
    0.17832E-01    0.25053E+05
    0.17952E-01    0.25039E+05
    0.18072E-01    0.25023E+05
    0.18193E-01    0.25006E+05
    0.18314E-01    0.24988E+05
    0.18437E-01    0.24969E+05
    0.18560E-01    0.24948E+05
    0.18684E-01    0.24926E+05
    0.18809E-01    0.24903E+05
    0.18935E-01    0.24879E+05
    0.19062E-01    0.24853E+05
    0.19189E-01    0.24826E+05
    0.19318E-01    0.24797E+05
    0.19447E-01    0.24768E+05
    0.19577E-01    0.24736E+05
    0.19708E-01    0.24704E+05
    0.19840E-01    0.24670E+05
    0.19972E-01    0.24635E+05
    0.20106E-01    0.24599E+05
    0.20240E-01    0.24561E+05
    0.20376E-01    0.24522E+05
    0.20512E-01    0.24481E+05
    0.20649E-01    0.24440E+05
    0.20787E-01    0.24397E+05
    0.20927E-01    0.24352E+05
    0.21067E-01    0.24306E+05
    0.21207E-01    0.24259E+05
    0.21349E-01    0.24211E+05
    0.21492E-01    0.24161E+05
    0.21636E-01    0.24110E+05
    0.21781E-01    0.24057E+05
    0.21926E-01    0.24003E+05
    0.22073E-01    0.23948E+05
    0.22221E-01    0.23892E+05
    0.22369E-01    0.23834E+05
    0.22519E-01    0.23775E+05
    0.22669E-01    0.23714E+05
    0.22821E-01    0.23653E+05
    0.22974E-01    0.23589E+05
    0.23127E-01    0.23525E+05
    0.23282E-01    0.23459E+05
    0.23438E-01    0.23392E+05
    0.23595E-01    0.23324E+05
    0.23752E-01    0.23255E+05
    0.23911E-01    0.23184E+05
    0.24071E-01    0.23112E+05
    0.24232E-01    0.23039E+05
    0.24394E-01    0.22964E+05
    0.24558E-01    0.22889E+05
    0.24722E-01    0.22812E+05
    0.24887E-01    0.22734E+05
    0.25054E-01    0.22654E+05
    0.25221E-01    0.22574E+05
    0.25390E-01    0.22492E+05
    0.25560E-01    0.22409E+05
    0.25731E-01    0.22325E+05
    0.25903E-01    0.22240E+05
    0.26076E-01    0.22154E+05
    0.26251E-01    0.22067E+05
    0.26426E-01    0.21979E+05
    0.26603E-01    0.21890E+05
    0.26781E-01    0.21799E+05
    0.26960E-01    0.21708E+05
    0.27140E-01    0.21615E+05
    0.27322E-01    0.21522E+05
    0.27505E-01    0.21428E+05
    0.27689E-01    0.21333E+05
    0.27874E-01    0.21237E+05
    0.28060E-01    0.21140E+05
    0.28248E-01    0.21042E+05
    0.28437E-01    0.20943E+05
    0.28627E-01    0.20843E+05
    0.28819E-01    0.20743E+05
    0.29011E-01    0.20642E+05
    0.29205E-01    0.20540E+05
    0.29401E-01    0.20437E+05
    0.29597E-01    0.20334E+05
    0.29795E-01    0.20230E+05
    0.29995E-01    0.20126E+05
    0.30195E-01    0.20020E+05
    0.30397E-01    0.19915E+05
    0.30601E-01    0.19808E+05
    0.30805E-01    0.19701E+05
    0.31011E-01    0.19594E+05
    0.31219E-01    0.19486E+05
    0.31428E-01    0.19378E+05
    0.31638E-01    0.19269E+05
    0.31849E-01    0.19160E+05
    0.32062E-01    0.19051E+05
    0.32277E-01    0.18941E+05
    0.32493E-01    0.18831E+05
    0.32710E-01    0.18721E+05
    0.32929E-01    0.18611E+05
    0.33149E-01    0.18500E+05
    0.33371E-01    0.18389E+05
    0.33594E-01    0.18278E+05
    0.33819E-01    0.18167E+05
    0.34045E-01    0.18056E+05
    0.34273E-01    0.17945E+05
    0.34502E-01    0.17834E+05
    0.34733E-01    0.17723E+05
    0.34965E-01    0.17612E+05
    0.35199E-01    0.17501E+05
    0.35434E-01    0.17391E+05
    0.35671E-01    0.17280E+05
    0.35910E-01    0.17170E+05
    0.36150E-01    0.17060E+05
    0.36392E-01    0.16951E+05
    0.36636E-01    0.16841E+05
    0.36881E-01    0.16732E+05
    0.37127E-01    0.16624E+05
    0.37376E-01    0.16515E+05
    0.37626E-01    0.16408E+05
    0.37877E-01    0.16300E+05
    0.38131E-01    0.16194E+05
    0.38386E-01    0.16087E+05
    0.38642E-01    0.15982E+05
    0.38901E-01    0.15877E+05
    0.39161E-01    0.15772E+05
    0.39423E-01    0.15669E+05
    0.39687E-01    0.15566E+05
    0.39952E-01    0.15464E+05
    0.40219E-01    0.15362E+05
    0.40489E-01    0.15261E+05
    0.40759E-01    0.15161E+05
    0.41032E-01    0.15062E+05
    0.41306E-01    0.14964E+05
    0.41583E-01    0.14867E+05
    0.41861E-01    0.14770E+05
    0.42141E-01    0.14675E+05
    0.42423E-01    0.14580E+05
    0.42707E-01    0.14487E+05
    0.42992E-01    0.14394E+05
    0.43280E-01    0.14303E+05
    0.43569E-01    0.14212E+05
    0.43861E-01    0.14123E+05
    0.44154E-01    0.14034E+05
    0.44449E-01    0.13947E+05
    0.44747E-01    0.13861E+05
    0.45046E-01    0.13776E+05
    0.45347E-01    0.13692E+05
    0.45651E-01    0.13609E+05
    0.45956E-01    0.13527E+05
    0.46263E-01    0.13446E+05
    0.46573E-01    0.13367E+05
    0.46884E-01    0.13288E+05
    0.47198E-01    0.13211E+05
    0.47514E-01    0.13135E+05
    0.47832E-01    0.13060E+05
    0.48151E-01    0.12986E+05
    0.48474E-01    0.12914E+05
    0.48798E-01    0.12842E+05
    0.49124E-01    0.12772E+05
    0.49453E-01    0.12703E+05
    0.49784E-01    0.12634E+05
    0.50117E-01    0.12567E+05
    0.50452E-01    0.12501E+05
    0.50789E-01    0.12436E+05
    0.51129E-01    0.12372E+05
    0.51471E-01    0.12309E+05
    0.51815E-01    0.12248E+05
    0.52162E-01    0.12187E+05
    0.52511E-01    0.12127E+05
    0.52862E-01    0.12068E+05
    0.53216E-01    0.12010E+05
    0.53572E-01    0.11952E+05
    0.53930E-01    0.11896E+05
    0.54291E-01    0.11840E+05
    0.54654E-01    0.11785E+05
    0.55019E-01    0.11731E+05
    0.55387E-01    0.11678E+05
    0.55758E-01    0.11625E+05
    0.56131E-01    0.11573E+05
    0.56506E-01    0.11521E+05
    0.56884E-01    0.11470E+05
    0.57265E-01    0.11419E+05
    0.57648E-01    0.11369E+05
    0.58033E-01    0.11319E+05
    0.58580E-01    0.11250E+05
    0.59128E-01    0.11181E+05
    0.59675E-01    0.11114E+05
    0.60222E-01    0.11047E+05
    0.60769E-01    0.10981E+05
    0.61316E-01    0.10915E+05
    0.61863E-01    0.10850E+05
    0.62410E-01    0.10785E+05
    0.62957E-01    0.10719E+05
    0.63504E-01    0.10654E+05
    0.64051E-01    0.10589E+05
    0.64598E-01    0.10523E+05
    0.65145E-01    0.10457E+05
    0.65692E-01    0.10391E+05
    0.66240E-01    0.10323E+05
    0.66787E-01    0.10256E+05
    0.67334E-01    0.10187E+05
    0.67881E-01    0.10118E+05
    0.68428E-01    0.10047E+05
    0.68975E-01    0.99761E+04
    0.69522E-01    0.99039E+04
    0.70069E-01    0.98308E+04
    0.70616E-01    0.97567E+04
    0.71163E-01    0.96816E+04
    0.71710E-01    0.96055E+04
    0.72257E-01    0.95283E+04
    0.72804E-01    0.94502E+04
    0.73352E-01    0.93711E+04
    0.73899E-01    0.92910E+04
    0.74446E-01    0.92099E+04
    0.74993E-01    0.91280E+04
    0.75540E-01    0.90453E+04
    0.76087E-01    0.89617E+04
    0.76634E-01    0.88774E+04
    0.77181E-01    0.87924E+04
    0.77728E-01    0.87067E+04
    0.78275E-01    0.86205E+04
    0.78822E-01    0.85338E+04
    0.79369E-01    0.84467E+04
    0.79916E-01    0.83593E+04
    0.80463E-01    0.82716E+04
    0.81011E-01    0.81837E+04
    0.81558E-01    0.80957E+04
    0.82105E-01    0.80077E+04
    0.82652E-01    0.79197E+04
    0.83199E-01    0.78319E+04
    0.83746E-01    0.77444E+04
    0.84293E-01    0.76572E+04
    0.84840E-01    0.75703E+04
    0.85387E-01    0.74840E+04
    0.85934E-01    0.73982E+04
    0.86481E-01    0.73131E+04
    0.87028E-01    0.72287E+04
    0.87575E-01    0.71451E+04
    0.88123E-01    0.70624E+04
    0.88670E-01    0.69806E+04
    0.89217E-01    0.68998E+04
    0.89764E-01    0.68201E+04
    0.90311E-01    0.67415E+04
    0.90858E-01    0.66641E+04
    0.91405E-01    0.65879E+04
    0.91952E-01    0.65131E+04
    0.92499E-01    0.64395E+04
    0.93046E-01    0.63674E+04
    0.93593E-01    0.62966E+04
    0.94140E-01    0.62273E+04
    0.94687E-01    0.61595E+04
    0.95235E-01    0.60932E+04
    0.95782E-01    0.60284E+04
    0.96329E-01    0.59652E+04
    0.96876E-01    0.59036E+04
    0.97423E-01    0.58435E+04
    0.97970E-01    0.57850E+04
    0.98517E-01    0.57281E+04
    0.99064E-01    0.56727E+04
    0.99611E-01    0.56190E+04
    0.10016E+00    0.55669E+04
    0.10071E+00    0.55163E+04
    0.10125E+00    0.54673E+04
    0.10180E+00    0.54198E+04
    0.10235E+00    0.53739E+04
    0.10289E+00    0.53294E+04
    0.10344E+00    0.52865E+04
    0.10399E+00    0.52450E+04
    0.10453E+00    0.52049E+04
    0.10508E+00    0.51662E+04
    0.10563E+00    0.51289E+04
    0.10618E+00    0.50929E+04
    0.10672E+00    0.50582E+04
    0.10727E+00    0.50248E+04
    0.10782E+00    0.49926E+04
    0.10836E+00    0.49615E+04
    0.10891E+00    0.49316E+04
    0.10946E+00    0.49027E+04
    0.11001E+00    0.48749E+04
    0.11055E+00    0.48481E+04
    0.11110E+00    0.48222E+04
    0.11165E+00    0.47972E+04
    0.11219E+00    0.47731E+04
    0.11274E+00    0.47497E+04
    0.11329E+00    0.47271E+04
    0.11384E+00    0.47052E+04
    0.11438E+00    0.46839E+04
    0.11493E+00    0.46632E+04
    0.11548E+00    0.46430E+04
    0.11602E+00    0.46234E+04
    0.11657E+00    0.46041E+04
    0.11712E+00    0.45853E+04
    0.11766E+00    0.45668E+04
    0.11821E+00    0.45486E+04
    0.11876E+00    0.45306E+04
    0.11931E+00    0.45129E+04
    0.11985E+00    0.44953E+04
    0.12040E+00    0.44778E+04
    0.12095E+00    0.44603E+04
    0.12149E+00    0.44429E+04
    0.12204E+00    0.44255E+04
    0.12259E+00    0.44080E+04
    0.12314E+00    0.43905E+04
    0.12368E+00    0.43728E+04
    0.12423E+00    0.43549E+04
    0.12478E+00    0.43369E+04
    0.12532E+00    0.43187E+04
    0.12587E+00    0.43002E+04
    0.12642E+00    0.42814E+04
    0.12696E+00    0.42624E+04
    0.12751E+00    0.42430E+04
    0.12806E+00    0.42234E+04
    0.12861E+00    0.42033E+04
    0.12915E+00    0.41829E+04
    0.12970E+00    0.41622E+04
    0.13025E+00    0.41410E+04
    0.13079E+00    0.41195E+04
    0.13134E+00    0.40976E+04
    0.13189E+00    0.40753E+04
    0.13244E+00    0.40526E+04
    0.13298E+00    0.40295E+04
    0.13353E+00    0.40060E+04
    0.13408E+00    0.39821E+04
    0.13462E+00    0.39578E+04
    0.13517E+00    0.39332E+04
    0.13572E+00    0.39082E+04
    0.13627E+00    0.38828E+04
    0.13681E+00    0.38571E+04
    0.13736E+00    0.38311E+04
    0.13791E+00    0.38048E+04
    0.13845E+00    0.37782E+04
    0.13900E+00    0.37514E+04
    0.13955E+00    0.37243E+04
    0.14009E+00    0.36969E+04
    0.14064E+00    0.36694E+04
    0.14119E+00    0.36417E+04
    0.14174E+00    0.36139E+04
    0.14228E+00    0.35859E+04
    0.14283E+00    0.35578E+04
    0.14338E+00    0.35297E+04
    0.14392E+00    0.35015E+04
    0.14447E+00    0.34732E+04
    0.14502E+00    0.34450E+04
    0.14557E+00    0.34168E+04
    0.14611E+00    0.33886E+04
    0.14666E+00    0.33605E+04
    0.14721E+00    0.33326E+04
    0.14775E+00    0.33047E+04
    0.14830E+00    0.32770E+04
    0.14885E+00    0.32495E+04
    0.14940E+00    0.32222E+04
    0.14994E+00    0.31951E+04
    0.15049E+00    0.31682E+04
    0.15104E+00    0.31416E+04
    0.15158E+00    0.31153E+04
    0.15213E+00    0.30893E+04
    0.15268E+00    0.30636E+04
    0.15322E+00    0.30383E+04
    0.15377E+00    0.30133E+04
    0.15432E+00    0.29887E+04
    0.15487E+00    0.29645E+04
    0.15541E+00    0.29407E+04
    0.15596E+00    0.29173E+04
    0.15651E+00    0.28943E+04
    0.15705E+00    0.28717E+04
    0.15760E+00    0.28496E+04
    0.15815E+00    0.28280E+04
    0.15870E+00    0.28068E+04
    0.15924E+00    0.27860E+04
    0.15979E+00    0.27658E+04
    0.16034E+00    0.27460E+04
    0.16088E+00    0.27266E+04
    0.16143E+00    0.27078E+04
    0.16198E+00    0.26894E+04
    0.16252E+00    0.26715E+04
    0.16307E+00    0.26540E+04
    0.16362E+00    0.26371E+04
    0.16417E+00    0.26206E+04
    0.16471E+00    0.26045E+04
    0.16526E+00    0.25889E+04
    0.16581E+00    0.25738E+04
    0.16635E+00    0.25591E+04
    0.16690E+00    0.25448E+04
    0.16745E+00    0.25310E+04
    0.16800E+00    0.25176E+04
    0.16854E+00    0.25045E+04
    0.16909E+00    0.24919E+04
    0.16964E+00    0.24797E+04
    0.17018E+00    0.24678E+04
    0.17073E+00    0.24563E+04
    0.17128E+00    0.24451E+04
    0.17183E+00    0.24343E+04
    0.17237E+00    0.24238E+04
    0.17292E+00    0.24136E+04
    0.17347E+00    0.24036E+04
    0.17401E+00    0.23940E+04
    0.17456E+00    0.23846E+04
    0.17511E+00    0.23755E+04
    0.17565E+00    0.23666E+04
    0.17620E+00    0.23579E+04
    0.17675E+00    0.23494E+04
    0.17730E+00    0.23411E+04
    0.17784E+00    0.23330E+04
    0.17839E+00    0.23250E+04
    0.17894E+00    0.23172E+04
    0.17948E+00    0.23094E+04
    0.18003E+00    0.23018E+04
    0.18058E+00    0.22943E+04
    0.18113E+00    0.22869E+04
    0.18167E+00    0.22795E+04
    0.18222E+00    0.22722E+04
    0.18277E+00    0.22649E+04
    0.18331E+00    0.22577E+04
    0.18386E+00    0.22504E+04
    0.18441E+00    0.22432E+04
    0.18495E+00    0.22359E+04
    0.18550E+00    0.22286E+04
    0.18605E+00    0.22213E+04
    0.18660E+00    0.22139E+04
    0.18714E+00    0.22065E+04
    0.18769E+00    0.21990E+04
    0.18824E+00    0.21914E+04
    0.18878E+00    0.21837E+04
    0.18933E+00    0.21760E+04
    0.18988E+00    0.21682E+04
    0.19043E+00    0.21602E+04
    0.19097E+00    0.21522E+04
    0.19152E+00    0.21440E+04
    0.19207E+00    0.21357E+04
    0.19261E+00    0.21273E+04
    0.19316E+00    0.21188E+04
    0.19371E+00    0.21101E+04
    0.19426E+00    0.21014E+04
    0.19480E+00    0.20925E+04
    0.19535E+00    0.20834E+04
    0.19590E+00    0.20742E+04
    0.19644E+00    0.20649E+04
    0.19699E+00    0.20555E+04
    0.19754E+00    0.20459E+04
    0.19808E+00    0.20363E+04
    0.19863E+00    0.20264E+04
    0.19918E+00    0.20165E+04
    0.19973E+00    0.20065E+04
    0.20027E+00    0.19963E+04
    0.20082E+00    0.19861E+04
    0.20137E+00    0.19757E+04
    0.20191E+00    0.19653E+04
    0.20246E+00    0.19547E+04
    0.20301E+00    0.19441E+04
    0.20356E+00    0.19334E+04
    0.20410E+00    0.19227E+04
    0.20465E+00    0.19119E+04
    0.20520E+00    0.19010E+04
    0.20574E+00    0.18901E+04
    0.20629E+00    0.18792E+04
    0.20684E+00    0.18682E+04
    0.20739E+00    0.18572E+04
    0.20793E+00    0.18463E+04
    0.20848E+00    0.18353E+04
    0.20903E+00    0.18243E+04
    0.20957E+00    0.18133E+04
    0.21012E+00    0.18023E+04
    0.21067E+00    0.17914E+04
    0.21121E+00    0.17805E+04
    0.21176E+00    0.17697E+04
    0.21231E+00    0.17588E+04
    0.21286E+00    0.17481E+04
    0.21340E+00    0.17374E+04
    0.21395E+00    0.17268E+04
    0.21450E+00    0.17163E+04
    0.21504E+00    0.17058E+04
    0.21559E+00    0.16955E+04
    0.21614E+00    0.16852E+04
    0.21669E+00    0.16751E+04
    0.21723E+00    0.16651E+04
    0.21894E+00    0.16345E+04
    0.22067E+00    0.16049E+04
    0.22240E+00    0.15765E+04
    0.22416E+00    0.15495E+04
    0.22592E+00    0.15238E+04
    0.22770E+00    0.14995E+04
    0.22949E+00    0.14767E+04
    0.23130E+00    0.14552E+04
    0.23312E+00    0.14351E+04
    0.23496E+00    0.14163E+04
    0.23681E+00    0.13986E+04
    0.23867E+00    0.13820E+04
    0.24055E+00    0.13662E+04
    0.24244E+00    0.13511E+04
    0.24435E+00    0.13365E+04
    0.24628E+00    0.13222E+04
    0.24822E+00    0.13080E+04
    0.25017E+00    0.12938E+04
    0.25214E+00    0.12794E+04
    0.25413E+00    0.12646E+04
    0.25613E+00    0.12493E+04
    0.25814E+00    0.12335E+04
    0.26018E+00    0.12170E+04
    0.26223E+00    0.11999E+04
    0.26429E+00    0.11822E+04
    0.26637E+00    0.11640E+04
    0.26847E+00    0.11453E+04
    0.27058E+00    0.11262E+04
    0.27271E+00    0.11068E+04
    0.27486E+00    0.10874E+04
    0.27702E+00    0.10680E+04
    0.27921E+00    0.10488E+04
    0.28140E+00    0.10299E+04
    0.28362E+00    0.10115E+04
    0.28585E+00    0.99373E+03
    0.28810E+00    0.97662E+03
    0.29037E+00    0.96026E+03
    0.29266E+00    0.94468E+03
    0.29496E+00    0.92989E+03
    0.29729E+00    0.91589E+03
    0.29963E+00    0.90261E+03
    0.30199E+00    0.89001E+03
    0.30436E+00    0.87797E+03
    0.30676E+00    0.86639E+03
    0.30918E+00    0.85515E+03
    0.31161E+00    0.84413E+03
    0.31406E+00    0.83323E+03
    0.31654E+00    0.82233E+03
    0.31903E+00    0.81135E+03
    0.32154E+00    0.80020E+03
    0.32407E+00    0.78882E+03
    0.32662E+00    0.77720E+03
    0.32920E+00    0.76534E+03
    0.33179E+00    0.75327E+03
    0.33440E+00    0.74102E+03
    0.33703E+00    0.72867E+03
    0.33969E+00    0.71628E+03
    0.34236E+00    0.70393E+03
    0.34506E+00    0.69174E+03
    0.34778E+00    0.67976E+03
    0.35051E+00    0.66809E+03
    0.35327E+00    0.65677E+03
    0.35606E+00    0.64584E+03
    0.35886E+00    0.63534E+03
    0.36168E+00    0.62525E+03
    0.36453E+00    0.61557E+03
    0.36740E+00    0.60626E+03
    0.37030E+00    0.59727E+03
    0.37321E+00    0.58853E+03
    0.37615E+00    0.57998E+03
    0.37911E+00    0.57158E+03
    0.38210E+00    0.56324E+03
    0.38511E+00    0.55491E+03
    0.38814E+00    0.54657E+03
    0.39119E+00    0.53817E+03
    0.39427E+00    0.52972E+03
    0.39738E+00    0.52123E+03
    0.40051E+00    0.51270E+03
    0.40366E+00    0.50418E+03
    0.40684E+00    0.49570E+03
    0.41004E+00    0.48732E+03
    0.41327E+00    0.47907E+03
    0.41653E+00    0.47098E+03
    0.41981E+00    0.46309E+03
    0.42311E+00    0.45542E+03
    0.42644E+00    0.44798E+03
    0.42980E+00    0.44077E+03
    0.43318E+00    0.43376E+03
    0.43660E+00    0.42693E+03
    0.44003E+00    0.42026E+03
    0.44350E+00    0.41372E+03
    0.44699E+00    0.40727E+03
    0.45051E+00    0.40089E+03
    0.45406E+00    0.39454E+03
    0.45763E+00    0.38823E+03
    0.46124E+00    0.38194E+03
    0.46487E+00    0.37567E+03
    0.46853E+00    0.36944E+03
    0.47222E+00    0.36327E+03
    0.47594E+00    0.35717E+03
    0.47968E+00    0.35116E+03
    0.48346E+00    0.34526E+03
    0.48727E+00    0.33948E+03
    0.49110E+00    0.33384E+03
    0.49497E+00    0.32832E+03
    0.49887E+00    0.32293E+03
    0.50280E+00    0.31766E+03
    0.50675E+00    0.31250E+03
    0.51074E+00    0.30742E+03
    0.51477E+00    0.30241E+03
    0.51882E+00    0.29747E+03
    0.52290E+00    0.29259E+03
    0.52702E+00    0.28775E+03
    0.53117E+00    0.28296E+03
    0.53535E+00    0.27822E+03
    0.53957E+00    0.27354E+03
    0.54382E+00    0.26893E+03
    0.54810E+00    0.26438E+03
    0.55242E+00    0.25993E+03
    0.55677E+00    0.25555E+03
    0.56115E+00    0.25126E+03
    0.56557E+00    0.24705E+03
    0.57002E+00    0.24292E+03
    0.57451E+00    0.23887E+03
    0.57903E+00    0.23488E+03
    0.58359E+00    0.23095E+03
    0.58819E+00    0.22708E+03
    0.59282E+00    0.22326E+03
    0.59749E+00    0.21949E+03
    0.60219E+00    0.21577E+03
    0.60693E+00    0.21210E+03
    0.61171E+00    0.20850E+03
    0.61653E+00    0.20495E+03
    0.62138E+00    0.20146E+03
    0.62628E+00    0.19803E+03
    0.63121E+00    0.19466E+03
    0.63618E+00    0.19135E+03
    0.64119E+00    0.18810E+03
    0.64624E+00    0.18490E+03
    0.65132E+00    0.18175E+03
    0.68092E+00    0.16480E+03
    0.71187E+00    0.14936E+03
    0.74422E+00    0.13531E+03
    0.77805E+00    0.12251E+03
    0.81341E+00    0.11087E+03
    0.85037E+00    0.10029E+03
    0.88902E+00    0.90672E+02
    0.92942E+00    0.81944E+02
    0.97166E+00    0.74023E+02
    0.10158E+01    0.66840E+02
    0.10620E+01    0.60327E+02
    0.11103E+01    0.54426E+02
    0.11607E+01    0.49082E+02
    0.12135E+01    0.44246E+02
    0.12686E+01    0.39871E+02
    0.13263E+01    0.35914E+02
    0.13865E+01    0.32338E+02
    0.14495E+01    0.29108E+02
    0.15154E+01    0.26191E+02
    0.15843E+01    0.23558E+02
    0.16563E+01    0.21182E+02
    0.17316E+01    0.19039E+02
    0.18103E+01    0.17108E+02
    0.18925E+01    0.15367E+02
    0.19785E+01    0.13799E+02
    0.20685E+01    0.12387E+02
    0.21625E+01    0.11117E+02
    0.22607E+01    0.99733E+01
    0.23635E+01    0.89449E+01
    0.24709E+01    0.80202E+01
    0.25832E+01    0.71890E+01
    0.27006E+01    0.64422E+01
    0.28233E+01    0.57714E+01
    0.29516E+01    0.51691E+01
    0.30858E+01    0.46284E+01
    0.32260E+01    0.41431E+01
    0.33726E+01    0.37079E+01
    0.35259E+01    0.33175E+01
    0.36862E+01    0.29675E+01
    0.38537E+01    0.26537E+01
    0.40288E+01    0.23726E+01
    0.42119E+01    0.21208E+01
    0.44033E+01    0.18953E+01
    0.46035E+01    0.16934E+01
    0.48127E+01    0.15126E+01
    0.50314E+01    0.13509E+01
    0.52601E+01    0.12062E+01
    0.54991E+01    0.10767E+01
    0.57490E+01    0.96099E+00
    0.60103E+01    0.85752E+00
    0.62834E+01    0.76504E+00
    0.65690E+01    0.68240E+00
    0.68676E+01    0.60857E+00
    0.71797E+01    0.54262E+00
    0.75060E+01    0.48374E+00
    0.78471E+01    0.43116E+00
    0.82037E+01    0.38423E+00
    0.85765E+01    0.34234E+00
    0.89663E+01    0.30497E+00
    0.93738E+01    0.27163E+00
    0.97998E+01    0.24190E+00
    0.10245E+02    0.21538E+00
    0.10711E+02    0.19174E+00
    0.11198E+02    0.17067E+00
    0.11706E+02    0.15189E+00
    0.12238E+02    0.13515E+00
    0.12795E+02    0.12024E+00
    0.13376E+02    0.10696E+00
    0.13984E+02    0.95132E-01
    0.14620E+02    0.84599E-01
    0.15284E+02    0.75221E-01
    0.15979E+02    0.66873E-01
    0.16705E+02    0.59443E-01
    0.17464E+02    0.52831E-01
    0.18258E+02    0.46948E-01
    0.19087E+02    0.41714E-01
    0.19955E+02    0.37059E-01
    0.20862E+02    0.32919E-01
    0.21810E+02    0.29237E-01
    0.22801E+02    0.25964E-01
    0.23837E+02    0.23055E-01
    0.24921E+02    0.20468E-01
    0.26053E+02    0.18170E-01
    0.27237E+02    0.16128E-01
    0.28475E+02    0.14313E-01
    0.29769E+02    0.12701E-01
    0.31122E+02    0.11269E-01
    0.32537E+02    0.99973E-02
    0.34015E+02    0.88681E-02
    0.35561E+02    0.78654E-02
    0.37177E+02    0.69753E-02
    0.38867E+02    0.61851E-02
    0.40633E+02    0.54838E-02
    0.42480E+02    0.48614E-02
    0.44410E+02    0.43091E-02
    0.46429E+02    0.38191E-02
    0.48539E+02    0.33844E-02
    0.50745E+02    0.29987E-02
    0.53051E+02    0.26567E-02
    0.55462E+02    0.23534E-02
    0.57982E+02    0.20845E-02
    0.60618E+02    0.18460E-02
    0.63372E+02    0.16346E-02
    0.66253E+02    0.14473E-02
    0.69264E+02    0.12812E-02
    0.72411E+02    0.11340E-02
    0.75702E+02    0.10036E-02
    0.79143E+02    0.88800E-03
    0.82739E+02    0.78562E-03
    0.86500E+02    0.69494E-03
    0.90431E+02    0.61462E-03
    0.94541E+02    0.54349E-03
    0.98837E+02    0.48050E-03
    0.10333E+03    0.42473E-03
